0.08639897968765
0.05450236268964
0.07166226943015
0.04023756738953
0.05612741279290
0.02537376858493
0.08569666216233
0.14092070063977
0.07461902069591
0.10106491597938
0.02323847541897
0.04728889187803
0.15080498525524
0.11276824501701
0.06116043101614
0.08292719599443
0.15585861259564
0.00604868284122
0.09125693525690
0.00511391726485
0.05312092522206
0.03603052816077
0.20417802466999
0.00149973528225
0.14407753119101
0.34643725966351
0.45081418579146
0.15334220292199
0.05713393478624
0.06822128541025
0.02385284256733
0.10188022384787
0.03819330966252
0.31597344178835
0.12798824546918
0.05254460148738
0.13465256618901
0.03089346799196
0.05735680478055
0.26609257234055
0.11353737416307
0.02367626879323
0.18005413104542
0.09790129032183
0.01423374564208
0.02299639266777
0.09233652974334
0.09819427858325
0.04581171521906
0.08461023040291
0.05940496105690
0.00445086735226
0.00273305185002
0.03713020537499
0.00128383324190
0.04795205499741
0.11347021442748
0.00965952204021
0.00356752049643
0.09364793165024
0.09267339350393
0.00157529999589
0.00163527476393
0.02088913154132
0.08737826497539
0.00588009182005
0.04535618835770
0.09861093461138
0.12480676136007
0.11648000941692
0.00870679807982
0.05993364367227
0.05769299054475
0.04314388199706
0.01652797752676
0.11117854227750
0.11859579148262
0.12830402750985
0.06437837689270
0.08000936762100
0.01278900453679
0.05928431567841
0.12419916020673
0.21972225693642
0.03159256348052
0.02912838218468
0.19758374817548
0.02619550128237
0.16107401056778
0.23503743212176
0.02613672618389
0.02709710099788
0.00506024776742
0.00809249556243
0.10114404456489
0.02098843661440
0.18291599550525
0.01893132714085
0.01855954951803
0.50421103290356
0.05733328370201
0.04114653030036
0.03735088206203
0.04496794807124
0.04945030043675
0.08848298191485
0.01264252951722
0.00385472662923
0.06070413742226
0.20073699905104
0.26735321623990
0.03042187171915
0.01731434952096
0.20300831000961
0.02691095768735
0.10252797925583
0.33409113789173
0.10798230345354
0.20112377695186
0.00098940463996
0.01460461755572
0.16830809077768
0.05565140794456
0.21745159555483
0.13100807628301