"x"
9.16
15.22
15.76
22.47
23.2
20.36
8.26
15.16
15.19
14.43
18.33
31.95
13.28
10.26
14.32
17.16
30.13
22.36
9.67
7.83
15.04
21.45
20.51
27.65
9.11
16.36
17.8
23.9
21.32
29.52
10.83
14.02
15.61
20.55
22.05
21.64
9.62
13.3
15.77
15.68
25.72
26.26
10.43
11.46
16.92
18.56
20.66
23.74
7.99
15.14
16.3
15.31
21.84
28.47
8.98
15.27
13.21
15.39
18.65
21.06
7.89
13.27
16.36
20.09
21.55
23.12
12.47
14.5
20.81
18.82
16.04
30.49
11.06
13.33
13.84
20.09
19.71
23.13
7.96
11.38
12.65
19.04
24.51
18.61
10.44
14.25
18.95
19.02
30.33
30.08
11.26
19.79
21.28
13.08
28.74
24.5
9.25
11.22
17.16
30.47
22.3
25.95
8.41
12.12
15.55
18.98
19.93
25.56
8.75
12.22
17.4
22.51
19.14
27.77
9.55
13.74
14.61
21.42
34.46
27.2
12.01
14.19
18.79
21.79
25.36
26.99
10
12.95
17.44
20.54
18.65
36.14
10.92
13.71
14.26
17.38
20.2
23.56
9.39
9.94
15.24
20.11
22.05
22.02
13.26
11.36
19.35
19.99
31.02
22.92
12.38
15.69
16.24
17.73
23.85
30.14
17.16
13.72
15.19
17.01
25.73
21.13
9.89
13.91
18.97
21
20.01
27.17
8
13.21
19.31
17.07
28.95
21.25
7.3
11.17
17.08
18.85
19.82
22.79
10.73
14.6
16.3
17.76
24.76
18.73
8.59
18.24
16.68
19.65
18.63
25.16
9.5
11.41
17.67
26.09
22.95
32.23
10.47
14.95
16.16
27.4
19.55
28.63
9.18
11.03
16.55
19.04
19.97
29.99
8.05
12.41
16.66
19.63
24.04
27.9
11.53
14.99
16.73
17.28
23.55
31.44
10.97
9.24
15.49
14.9
34.82
20.86
8.54
11.06
17.55
20.2
21.27
27.8
9.94
12.52
15.94
17.99
24
24.34
7.84
15.36
15.37
19.13
28.32
28.53
7.58
14.39
15.23
17.28
22.28
22.71
11.24
16.95
15.26
23.89
20.79
20.08
12.06
13.67
15.98
20.28
22.93
27.28
11.51
12.52
11.27
16.57
18.88
21.74
11.35
12.35
15.52
14.1
25.11
19.43
9.99
18.02
14.45
15.39
22.48
23.52
14.46
16.36
19.38
16.77
28.94
23.57
10.63
16.7
15.84
24.17
23.34
18.86
11.27
12.1
13.55
21.73
23.82
24.09
9.05
12.35
15.67
21.75
26.47
24.32
10.7
11.52
15.34
19.64
21.43
19.97
10.17
11.78
18.71
14.73
23.07
24.59
11.91
10.85
13.98
19.39
22.4
28.03
10.78
12.42
17.32
18.18
21.72
22.1
8.5
11.11
11.36
19.09
23.11
24.78
9.26
15.62
13.65
16.37
19.48
20.85
9.97
10.4
12.29
23.02
19.32
23.4
7.67
10.69
18.16
25.43
19.17
29.09
9.21
11.89
19.46
14.27
26.55
31.29
12.11
8.3
13.28
21.3
26.38
22.44
10.74
14.86
17.41
18.35
19.49
26.27
10.37
17.09
16.34
18.38
21.93
25.7
11.97
16.41
22.37
27.18
27.15
27.21
10.4
15.79
15.75
21.36
20.33
27.79
7.74
12.52
15.92
21.63
21.36
34.03
9.63
10.91
13.61
23.4
19.74
23.93
10.81
12.44
14.36
16.47
21.88
22.57
7.09
14.88
14.94
15.44
19.72
24.51
5.94
11.76
17.31
26.62
23.13
26.1
9.8
13.61
16.23
19.53
22.42
23.1
7.77
12.91
14.41
13.75
20.62
29.37
11.22
13.44
18.27
17.49
16.47
26.86
11.29
16
12.33
17.27
16.11
21.38
12.53
14.71
13.23
21.8
22.3
27.25
14.88
13.36
19.25
14.47
18.58
24.14
10.13
10.87
16.34
20.83
28.92
22.21
11.24
12.55
21.48
16.76
14.49
22.59
8.19
12.91
19.77
19.72
24.66
29.56
13.59
9.95
12.74
18.33
19.13
26.86
12.5
12.33
15.16
17.91
26.81
24.66
11.31
11.88
12.02
19.96
25.33
22.49
8.54
11.3
16.75
15.49
23.84
27.06
10.22
15.67
16.83
23.61
21.78
33.03
9.32
10.79
17.05
19.56
19.05
27.53
10.51
19.57
13.48
15
20.26
24.1
9.69
13.17
14.7
20.83
29.58
24.86
9.32
11.84
21.06
18.5
32.13
22.01
10.22
11.97
13.75
15.91
26.48
26.82
8.03
11.26
15.36
26.27
16.54
17.13
11.94
10.37
17.51
18.86
22.12
24.81
6.51
10.74
19.52
21.8
20.41
25.85
12.12
11.89
16.78
27.47
18.16
18.95
10.98
11.79
17.44
15.67
21.75
26.92
10.59
10.9
12.74
16.01
27.73
25.04
12.58
11.19
15.77
13.88
24.74
27.17
8.68
14.76
17.65
16.09
20.26
25.22
10.42
13.5
14.98
15
17.97
23.8
7.64
14.33
23.46
18.69
19.78
31.97
12.34
11.31
13.85
17.12
19.74
26.34
10.06
14.8
14.07
16.08
24.82
31.23
8.08
17.72
12.69
21.08
19.83
26.53
13.88
10.7
14.39
17.55
18.27
17.53
10.82
14.25
15
21.38
26.74
21.82
9.41
12.2
16.35
18.26
30.02
31.25
10.57
14.68
17.73
17.21
25.17
20.97
7.81
11.64
17.62
17.98
16.94
24.52
9.12
10.85
19.56
16.53
18.97
23.36
10.33
13.62
12.98
19.02
15.98
24.78
10.11
12.77
14.13
15.53
24.03
21.26
11.63
12.5
15.8
20.16
18.08
21.49
8.92
13.11
14.57
17.87
22.74
27.31
8
14.34
19.34
13.58
24.22
29.39
11.14
11.34
17.34
21.2
22.56
21.97
10.93
10.03
18.92
17.02
28.17
21.52
9.18
12.48
14.32
26.32
27.34
26.81
9.95
19.24
17.94
18.17
20
26.61
9.46
12.89
18.32
18.79
21.34
28.36
9.6
11.3
18.87
19.96
21.55
29.18
10.19
9.34
20.64
14.91
21.42
21.5
9.46
12.82
16.23
13.72
27.81
28.09
8.25
10.36
17.58
25.78
28
20.24
9.35
14.73
18.91
24.17
22.37
30.98
8.41
15.03
17.52
22.36
21.68
27.95
9.43
9.39
14.45
17.64
15.59
26.45
9.25
14.2
17.03
21.08
16.63
23.05
9.06
16.27
20.81
24.06
19.56
27.99
12.15
12.69
18.12
17.67
28.91
16.73
9.81
13.76
17.05
16.59
21.5
25.76
10.94
16.32
20.45
17.44
17.8
21.16
9.69
11.36
17.22
23.67
20.67
35.97
8.28
14.75
16.22
18.59
27.25
20.26
12.87
12.43
14.51
21.36
20.63
29.65
8.02
15.93
17.06
17.82
21.38
23.38
10.19
14.66
17.14
19.51
19.57
24.14
11.01
12.25
9.14
22.85
26.02
17.82
13.29
15.45
16.93
20.51
26.64
22.23
10.17
12.35
16.85
19.29
26.52
16.94
9.78
12.47
15.43
17.93
23.6
24.14
7.91
11.27
15.47
18.91
27.79
34.35
8.1
11.38
14.61
15.99
20.7
34.25
10.06
8.49
13.3
20.51
21.38
30.74
10.83
13.88
14.35
18.43
27.51
21.9
9.93
13.48
20.92
19.97
31.57
23.7
9.04
15.36
16.6
16.46
28.67
32.06
7.99
11.26
11.89
15.89
21.87
27.41
7.2
12
13.38
22.38
19.37
22.16
8.4
14.69
20.41
19.13
29.44
24.23
10.98
11.52
12.29
15.31
32.59
14.13
9.89
13.39
14.23
20.97
17.85
26.68
7.88
13.37
12.1
22.61
33.31
23.16
14.43
12.57
13.26
17.38
22.44
22.78
8.61
11.88
18.62
27.56
21.43
34.06
8.56
8.77
14.05
21.72
22.92
27.85
8.72
14.34
16.39
15.74
14.58
30.2
9.64
9.93
16.8
23
21.44
26.22
7.94
8.31
12.62
18.59
18.94
16.77
9.72
14.94
16.18
28.56
22.04
31.79
8.91
8.16
13.97
22.67
22.16
19.64
9.49
14.1
16.41
16.45
21.18
24.94
10.05
12.65
16.61
13.79
24.76
29.62
10.88
17.81
16.33
17.77
33.73
21.94
10.16
9.59
13.37
21.25
27.12
21.89
9.11
12.98
16.45
24.41
21.19
24
13.28
16.86
13.77
15.02
23.75
24.15
12.96
15.96
12.55
14.86
22.68
33.99
9.71
13.65
22.05
18.28
20.6
16.54
11.19
11.01
19.84
20.44
23.28
30.9
11.74
11.19
17.12
16.98
28.37
34.42
10.86
9.23
20.29
20.2
21.77
23.09
11
10.61
12.54
14.8
16.46
19.11
11.43
13.33
12.99
24.56
25.37
29.71
9.57
15.81
12.88
15.19
18.61
21.01
8.44
11.61
17.79
18.65
21.97
37.55
8.86
11.96
13.32
16.06
24.92
23.05
12.98
11.3
12.12
15.91
25.15
25.55
10.26
12.58
19.38
14.72
22.73
20.15
7.36
12.91
12.55
23.05
18.93
24.22
8.28
11.71
20.65
16.89
26.1
18.41
12.77
15.88
19.47
21.18
22.3
21.09
11.41
15.87
16.23
14.51
21.51
27.53
8.42
17.65
18.44
19.05
19.03
25.68
10.06
12.19
17.51
16.19
16.23
27.47
6.74
12.12
18.53
18.92
21.9
25.87
11.18
13.22
14.38
21.36
20.3
24.62
8.83
12.48
14.41
15.57
17.96
21.69
11.36
8.52
18.93
15.56
15.56
20.7
10.03
10.11
13.21
18.75
19.48
30.77
11.24
11.03
16.63
16.73
22.79
24.5
9.22
12.19
17.48
17.93
36
33.83
6.73
11.59
20.77
17.73
25.87
25.39
9.12
15.45
12.66
22.4
26.79
21.08
10.38
13.75
16.22
18.5
20.87
22.39
8.68
13.42
19.93
18.14
23.94
20.82
8.72
12.36
14.6
15.74
26.08
28.31
9.3
13.14
14.96
14.11
24.78
30.76
12.47
10.69
16.28
14.98
25.59
27.36
9.81
11.19
18.84
19.9
19.75
26.37
13.45
10.4
16.49
16.37
22.76
21.83
10.83
11.17
15.21
24.46
15.02
21.83
11.44
15.04
18.12
16.61
25.21
24.39
8.95
18.27
14.42
17.37
22.25
29.64
9
13.45
13.83
20.27
23.27
26.88
12.15
12.58
18.81
13.58
23.64
30.07
12.04
10.8
17.76
17.7
23.97
21.59
8.63
12.39
15.81
17.23
16.67
24.84
11.78
15.52
12.32
22.12
23.09
25.96
9.63
12.59
11.57
20.04
27.27
18.12
10.85
10.77
15.07
20.62
23.68
23.82
12.11
11.99
16.75
15.87
24.58
23.62
9.69
10.87
18.7
18.43
23.97
26.35
10.72
11.75
15.6
18.08
19.65
21.38
12.39
11.07
19.27
14.68
15.51
24.19
9.11
13.89
16.6
16.75
21.68
27.77
9.05
10.43
15.01
26.73
17.57
29.99
10.48
10.4
17.78
15.22
19.62
26.49
8.9
12.9
17.05
20.33
34.06
29.69
10.65
11.97
13.05
13.96
14.01
22.24
12.42
15.22
11.63
28.28
18.72
25.76
8.97
13.07
15.24
20.81
25.34
25.15
11.79
15.97
12.88
16.45
26.7
37.82
10.49
12.47
19.5
16.78
23.99
27.3
10.69
15.75
17.94
16.53
17.16
19.3
9.14
13.71
19.92
18.72
22.15
20.65
14.38
11.64
18.24
20.53
20.81
28.74
15.61
9.92
11.5
17.87
24.31
29.34
8.09
11.64
13.93
17.7
33
26.39
10.48
7.98
17.42
20.38
26.68
25.91
8.05
12.78
22.19
23.63
22.05
20.24
9.9
11.65
18.57
19.05
19.24
24.12
7.8
12.96
21.09
20.17
21.36
29.31
10.71
15.58
17.84
23.29
27.51
25.23
7.99
14.68
13.26
22.81
20.22
25.23
8.4
18.85
15.53
17.67
17.95
21.54
9.36
9.78
16.74
18.02
26.12
23.03
9.84
10.7
13.34
19.69
16.93
22.97
9.82
8.44
16.79
17.24
21.49
28.72
11.33
12.43
19.23
18.93
20.79
21.95
9.59
11.78
16.27
20.67
25.68
21.06
9.07
16.09
16.13
19.7
24.64
35.62
11.65
12.04
17.63
21.4
17.18
25.75
8.14
15.26
13.2
16.6
26.14
22.95
8.35
14.76
18.17
19.69
21.39
32.75
10.35
9.12
16.79
18.92
21.12
27.19
8.14
16.54
15.67
19.31
24.82
25.49
8.18
11.08
16.08
22.34
20.21
35.64
11.27
12.12
12.59
18.08
21.41
17.67
9.36
15.69
16.45
17.91
26.63
19.81
11.52
12.8
15.4
20.96
33.92
23.83
7.97
18.35
24.96
17.35
16.4
20.71
9.26
13.88
18.14
21.58
18.31
27.54
6.67
14.61
15.49
23.28
25.82
26.86
11.45
14.07
21.26
19.84
20.87
23.69
10.16
14.37
13.2
19.91
26.06
18.77
10.55
11.6
23.16
16.13
21.85
33.95
10.57
11.55
13.05
24.38
21.83
30.34
10.21
16.59
19.57
18.02
25.14
24.73
10.8
12.89
13.14
21.59
19.46
25.41
12.67
12.22
16.58
16.43
18.6
28.48
8.48
11.94
19.64
20.05
20.9
36.97
12.39
11.36
18.67
17.39
23.52
21.73
12.62
15.98
13.92
26.88
21.69
36.74
8.96
15.04
16.86
24.1
20.44
25.35
8.15
14.43
19.15
18.95
22.95
29.06
9.68
13.69
15.93
18.59
19.22
27.75
10.62
12.55
11.54
21.54
14.23
30.49
10.82
16.31
13.51
22.94
26.77
18.71
9.55
14.35
17.6
14.7
19.83
23.61
11.58
14.82
12.74
21.39
27.96
18.82
9.08
10.4
17.34
14.97
23.56
25.41
9.95
15.57
15.41
19.78
21.86
26.57
6.44
13.4
16.7
19.96
15.82
28.66
7.63
14.7
17.86
23.42
25.84
27.07
8.9
12.75
15.85
19.19
24.88
27.08
12.13
10.35
16.01
16.88
17.19
21.83
11.77
10.44
16.14
21.3
21.71
26.32
11.84
12.76
15.01
26.21
27.4
28.68
9.49
11.44
20.47
13.91
21.29
23.95
13.05
18.68
11.59
15.51
17.72
29.08
8.86
11.68
16.03
14.25
23.51
19.51
16.41
12.03
14.27
21.04
25.86
24.87
7.66
15.22
12.43
20.25
17.88
31.61
13.13
12.79
22.11
18.52
28.31
23.82
10.64
12.94
17.01
16.31
24
25.05
10.93
13.23
12.76
18.74
21.28
27.2
11.29
14.11
13.59
15.5
28.58
31.71
10.03
15.45
17.13
15.38
20.68
19.85
9.99
13.27
11.99
17.84
21.95
25.28
10.54
12.82
15.39
14.48
20.37
24.66
10.41
11.64
14.38
18.3
20.14
27
8.64
11.77
15.26
26.08
25.85
22.97
7.57
12.22
13.99
16.74
24.22
23.14
9.71
11.94
14.19
18.04
24.32
27.28
12.45
12.32
19.01
23.87
17.72
26.48
12.28
11.68
15.38
20.63
19.71
31.45
10.91
12.02
22.19
21.21
21.78
19.24
7.73
11.69
13.17
19.8
28.19
28.95
8.24
11.59
20.59
16.06
24.88
27.01
9.28
9.75
13.15
19.05
18.77
21.79
8.73
14.61
16.22
18.66
20.07
20.27
12.33
11.88
21.4
17.96
17.53
25.02
8.07
14.77
17.12
16.26
21.31
20.55
9.54
14.81
19.54
20.22
17.39
25.35
9.23
11.63
17.4
18.54
23.33
22.26
8.32
20.42
14.75
18.51
27.89
21.8
10.22
15.53
14.76
17.26
24.05
34.32
10.46
14.58
13.03
15.1
23.04
17.28
10.88
10.25
16.75
27.64
31.57
26.6
11.6
13.72
17.59
24.84
19.78
25.69
8.79
13.91
18.55
18.81
16.32
26.76
8.55
12.13
18.61
16.52
31.73
22.46
12.47
14.95
11.17
21.88
18.58
23.06
11.69
12.65
14.47
19.52
25.01
18.12
9.71
10.82
12.61
16.21
27.16
29.01
9.89
16.61
16.65
22.23
26.16
28.52
12.31
12.85
21.15
17.7
21.74
22.46
10.34
12.3
13.51
16.89
19.59
30.05
7.99
15.14
12.77
23.57
23.51
19.72
9.05
12.77
14.62
20.1
25.27
23.15
9.48
16.67
13.34
25.79
28.65
28.36
15.38
12.02
14.72
12.69
19.59
25.57
9.21
10.19
15.71
22.08
28.8
23.79
8.37
14.1
14.39
22.4
22.04
20.49
9.23
10.86
17.1
24.59
18.04
30.33
12.28
14.53
12.55
22.35
21.56
25.72
10.24
9.75
16.79
20.8
22.84
27.24
11.49
17.84
15.34
19.04
23.91
30.04
9.97
11.33
14.39
22.71
28.85
23.58
9.94
15.06
16.85
23.54
17.52
19.15
11.5
12.32
15.24
14.55
22.13
25.97
9.68
25.66
10.51
12.28
22.42
32.57
10.93
13.64
11.86
18.54
25.99
26
9.38
17.83
19.14
20.9
21.56
21.25
10.02
14.08
15.31
20.51
23.53
31.03
8.79
13.38
16.57
20.31
21.96
27.47
8.34
14.69
14.16
17.13
24.23
23.24
9.36
8.66
16.58
26.19
27
17.9
8.18
13.45
14.25
12.42
25.23
26.71
10.56
12.3
16.15
15.46
22.33
20.46
8.71
15.05
13.48
22.83
15.97
23.96
10.42
13.38
19.55
18.66
21.23
20.93
9.85
14.67
13.24
17.14
20.42
22.64
16.25
11.7
16.58
25.39
17.73
32.95
10.41
14.7
13.78
19.49
26.23
12.98
7.78
11.64
19.9
25.17
16.02
33.42
9.9
11.88
24.45
22.62
25.28
30.51
9.42
13.02
13.64
15.92
28.27
24.15
10.46
9.01
17.32
18.58
19.66
20.61
10.29
10.29
16.6
19.31
20.52
24.24
8.15
12.84
15.6
20.62
18.19
24.95
9.28
11.83
22.8
19.15
25
17.71
7.7
12.17
16.39
16.81
23.37
25.33
9.17
13.88
12.45
18.77
16.67
26.48
8.6
14.33
21.21
22.8
22.43
20.05
10.31
11.45
12.19
19.79
21.32
26.28
11.6
11.51
19.62
20.67
27.92
34.99
11.24
12.46
17.51
21.68
21.92
25.43
9.51
16.99
20.98
17.93
16.97
29.59
11.35
13.76
16.32
21.5
17.98
22.49
9.28
14.21
13.32
15.05
22.49
19.48
9.69
16.2
14.63
20.65
19.46
28.35
8.78
18.68
18.92
23.93
18.99
22.15
8.9
14.68
13.51
20.48
17.82
20.77
9.28
10.5
14.93
17.17
25.05
27.51
12.15
12.03
19.87
18.07
24.25
26.03
7.11
11.98
15.1
17.98
18.47
21.32
12.54
19.96
18.36
20.23
23.75
28.61
12.48
14.28
15.2
16.64
23.03
19.71
9.07
11.5
15.96
19.5
19.13
18.28
6.72
13.09
20.06
23.4
34.11
21.16
8.58
13.61
14.91
16.8
19.88
25.15
9.88
16.53
17.85
14.21
17.54
22.15
7.99
11.94
11.36
19.91
18.43
29.95
11.7
10.98
12.05
18.82
23.91
22.67
10.12
12.45
17.01
17.54
21.37
21.27
8.67
9.35
17.27
18.95
20.97
27.14
11.71
14.89
14.22
25.21
21.05
22.95
12.32
10.39
15.5
24.77
19.67
24.66
8.5
12.9
15.73
19.82
23.95
30.37
9.29
13.92
18.7
17.57
21.77
28.21
10.99
9.38
17.76
23.13
31.28
33.61
9.14
15.87
13.92
17.38
15.14
24.26
11.18
13.04
15.05
16.1
28.69
26.1
10.12
10.93
17.27
23.13
27.07
27.59
11.57
13.97
20.8
16.17
18.62
24.58
11.22
10.59
24.85
13.08
24.59
21.08
11.31
10.46
18.7
20.62
22.71
22.17
7.94
14.07
18.6
16.82
30.97
25.41
7.77
13.35
14.56
21.51
16.26
18.86
11.53
12.91
17.06
19.14
23.29
23.78
9.63
9.93
15.34
15.43
20.85
40.91
11.76
12.66
16.8
25.3
21.26
16.26
11.17
12.36
12.4
17.92
25.94
24.96
11.74
9.87
18.4
17.21
13.97
27.34
10.37
11.39
11.98
16.46
20.06
18.3
12.37
16.98
18.64
19.67
24.54
21.5
11.2
9.81
15.43
20.64
21.4
22.03
11.21
14.46
16.51
14.51
25.28
22.62
8.91
11.9
13.48
19.43
23.12
24.87
10.82
11.74
11.91
19.91
17.35
20.29
10.02
10.08
14.09
16.54
24.83
31.2
8.97
9.88
17.98
15.34
18.66
20.33
8.75
13.37
14.16
19.29
14.56
23.28
9.83
13.87
15.9
19.05
21.32
25.91
8.32
8.97
16.43
17.15
22.53
28.3
9.88
12.6
16.18
17.01
19.56
19.7
13.53
14.13
19.18
11.89
24.36
23.72
10.56
11.21
16.05
20.57
29.8
18.91
10.61
13.97
16.33
15.68
25.21
22.91
9.32
12.07
14.76
22.07
31.23
27.96
10.27
14.17
13.75
23.8
23.33
24.85
10.62
13.84
15.57
17.85
17.31
32.32
8.21
12.33
15.11
17.84
18.28
27.12
10.09
11.83
21.87
18.52
24.01
30.58
10.95
15.57
16.09
20.24
18.15
29.78
11.47
14.59
18.47
24.17
18.46
21.18
11.19
10.94
18.56
20.08
24.91
22.39
12.78
15.81
15.55
22.18
22.8
25.6
9.24
11.73
17.41
17.28
23.19
29.25
6.3
14.09
18.51
21.95
21.62
19.1
10.18
14.44
20.93
17.34
12.5
28.05
10.1
11.24
20.2
20.95
20.38
22.05
11
15.7
15.34
17.83
24.77
23.79
9.15
16.59
13.57
16.5
18.04
20.48
9.87
12.52
12.49
22.08
25
26.5
11.37
16.38
14.43
18.89
22.04
19.07
8.31
8.69
10.93
13.53
23.9
33.72
10.37
12.17
12.48
20.87
27.5
29.97
12.8
11.23
13.79
18.59
16.95
32.59
9.93
11.06
17.91
13.29
26.46
27.95
10.4
11.94
14.59
17.04
22.51
23.42
10.04
10.94
13.89
20.53
21.37
24.71
8.49
12.78
15.55
20.29
24.76
22.41
10.98
12.96
15.03
16.77
17.14
34.6
11.75
13.51
19.06
26.11
16.78
28.23
9.03
9.72
18.37
19.66
21.48
31.52
9.63
13.12
15.1
20.73
27.52
24.58
10.47
11.45
15.54
16.75
24.85
26.61
8.37
12.32
16.45
16
21.82
25.06
8.46
11.62
16.37
14.37
19.03
28.64
10.74
12.75
11.48
23.8
18.73
22.38
9.21
16.6
19.1
18.08
23.91
32.25
15.39
12.52
14.58
22.07
26.18
28.19
11.14
10.15
18.55
20.38
19.49
19.27
11.67
11.22
15.94
17.65
15.47
28.55
11.7
10.41
11.06
18.7
18.25
33.26
10.19
14.51
18.46
20.62
19.54
24.89
13.16
14.67
17.72
26.06
22.81
26.66
9.89
13.62
13.66
20.16
26.34
22.45
9.93
10.25
12.2
19.62
21.97
23.44
14.19
14.53
14.49
24.94
26.33
27.45
11.1
10.98
12.69
29.43
26.02
22.36
8.37
11.87
21.92
19.46
26.7
20.47
9.39
12.51
16.88
19.93
27.58
27.81
10.12
16.43
19.29
22.09
17.3
26.63
12.29
9.2
15.01
21.89
20.66
25.98
11.8
16.41
17.94
16.92
22.92
23.46
9.31
12.07
16.44
18.09
21.51
30.29
9.98
18.69
13.65
23.22
19.1
20.13
12.76
16.3
15.33
13.67
21.68
29.53
10.76
12.08
19.17
24.19
21.4
21.8
10.11
12.91
12.39
21.9
26.29
19.81
10.49
12.3
16.15
20.06
22.9
33.17
7.43
12.05
15.61
18.01
19.51
26.77
10.43
13.76
13.22
15.34
18.55
29.86
9.08
10
14.7
12.48
16.29
30.62
13.42
10.85
19.1
21.79
23.4
28.96
14.1
14.11
18.34
20.35
22.22
20.72
11.73
15.36
21.31
14.95
20.79
21.99
7.84
12.39
11.68
19.31
16.18
25.27
8.79
12.19
13.69
23.68
26.27
17.23
13.01
14.55
18.08
15.56
22.13
19.38
7.8
11.44
12.94
15.22
19.92
30.08
9.36
19.26
21.53
13.02
17.81
29.4
9.65
9.71
15.25
24.98
25.99
21.7
10.35
16.06
20.33
14.78
22.34
23.16
10.09
12.11
20.65
19.84
22.55
28.85
10.14
10.55
17.85
19.89
19.73
27.17
10.88
10.52
15.42
21.18
24.03
20.44
13.54
15.77
14.24
15.16
27.53
25.86
8.18
11.88
12.12
14.49
22.88
23.72
12.55
14.7
20.89
18.41
16.88
25.13
11.62
10.5
16.41
24.28
16.71
28.66
11.33
11.63
17.62
21
28.84
19.76
10.74
15.45
17.45
16.24
26.45
24.59
13.41
16.66
19.69
16.67
23.3
19.13
8.67
16.89
17.46
22.26
23.03
20.39
8.33
13.95
17.02
22.17
18.9
31.82
10.28
11.69
20.61
18.95
23
29.23
10.42
11.65
12.5
19.74
20.8
30.69
8.32
10.77
19.74
27.96
27.97
23.95
10.59
13.83
22.24
14.45
22.28
26.44
11.15
12.5
19.59
17.23
21.75
26.8
9.24
11.91
10.71
23.36
25.73
22.89
10.84
11.97
13.01
22.85
23.23
21.07
9.17
11.91
14.85
19.05
23.72
28.21
13.71
11.17
15.04
16.57
23.13
24.15
11.1
12.06
16.47
23.23
24
25.2
9.23
11.95
13.18
17.93
23.55
19.65
8.71
15.87
20.18
16.84
23.06
35.08
9.84
10.8
14.84
19.1
22.69
26.12
11.09
12.51
17.51
21.31
17.87
17.4
8.14
14.03
16.88
17.54
18.89
21.42
8.36
12
12.16
16.99
19.38
27.32
13.46
13.08
17.23
19.01
17.58
24.53
12.04
14.62
16.38
17.94
32.99
21.39
11.53
11.7
16.72
19.29
26.04
28
7.39
15.01
14.6
25.28
19.83
24.92
6.26
14.68
16.73
19.72
28.52
20.59
9.09
11.34
16.64
21.03
24.34
23.27
9.27
13
11.72
12.93
25.92
27.49
11.28
7.65
16.4
19.6
22.01
22
13.17
11.85
19.9
27.59
27.82
24.21
7.65
12.02
15.96
16.09
17.99
21.72
11.94
15.66
14.62
20.89
19.61
26.98
9.54
15.13
18.96
18.22
18.21
20.74
8.82
13.41
12.02
21.49
17.01
22.61
8.07
14.3
14.57
15.31
23.51
25.05
13.09
17.57
12.71
17.07
21.21
32.26
6.97
13.56
15.12
22.1
21.63
26.73
7.24
13.5
16.93
21.1
25.09
22.41
10.01
14.14
14.76
14.41
25.82
28.99
10.64
12.78
17.5
26.39
16.93
25.69
15.63
13.11
11.73
19.01
26.25
16.82
9.52
14.53
17.99
24.3
19.5
25.27
7.72
12.92
17.26
23.7
26.58
21.4
10.34
11.76
14.39
20.9
19.87
28.95
7.48
12.78
12.67
17.86
25.55
26.85
11.11
11.3
15.82
14.52
18.37
24.25
7.73
11.57
14.21
20.48
26
25.79
10.36
14.74
11.09
18.18
22.56
25.02
11.21
15.69
17.93
18.97
21.69
16.01
9.6
10.67
12.59
25.22
20.44
27.88
9.76
13.52
17.9
18.97
17.82
24.75
9.53
13.09
17.29
17.26
21.13
27.24
9
8.28
16.08
24.23
24.06
18.93
10.14
14.63
15.17
19.64
27.21
28.06
10.55
13.08
13.75
18.51
19.7
24.25
13.65
13.57
18.9
23.53
32.58
17.99
12.53
14.78
14.81
24.34
19.64
27.51
8.48
12.73
16.22
19.49
19.93
27.47
9.57
11.62
15.17
29.68
24.34
23.45
11.58
8.41
15.19
20.72
17.08
28.77
7.58
12.76
14.89
13.81
20.86
28.02
10.25
12.83
17.21
24.26
20.13
34.55
8.4
12.17
12.54
21.85
20.1
28.49
9.26
17.52
15.43
21.03
20.88
20.89
9.96
18.33
17.11
14.2
24.78
32.36
14.35
11.68
17.27
18.09
14.23
28.22
9.29
10.99
18.1
18.86
24.96
16.41
9.69
12.68
16.17
20.93
21.87
30.04
7.87
11.33
15.26
22.02
17.41
29.02
11.5
14.95
21.33
22.52
19.19
36.62
10.31
13.42
15.77
19.3
22.98
26.71
6.65
12.88
17.3
23.51
25.66
26.19
10.9
12.08
22.67
19.11
16.61
20.95
9.84
16.93
14.48
14.95
15.88
28.91
12.35
14.38
14.28
23.09
19.74
26.08
9.88
13.73
19.48
21.51
19.35
24.39
8.39
11.56
16.54
19.5
19.58
23.29
9.24
11.34
15.61
15.1
22.61
25.92
10.88
16.88
12.66
24.04
22.42
25.05
9.99
11.04
19.38
19.83
23.54
29.05
8.75
12.45
15.51
23.21
19.2
23.51
13.04
12.46
19.73
16.97
16.61
19.27
8.73
13
19.26
20.52
23.39
26.05
8.64
8.49
16.57
16.21
17.97
28.05
8.86
10.39
15.19
17.52
20.36
25.25
11.58
11.46
15.29
19
15.59
20.31
12.17
12.78
16.4
19.67
23.6
30.44
9.82
21
15.82
21.99
18.89
28.69
9.66
16.52
13.75
15.38
30.64
18.16
11.48
13.46
13.03
25.31
22.32
29.55
9.06
13.57
11.91
19.47
23.41
28.75
10.24
13.75
16.65
19.3
21.32
29.65
8.27
16.34
18.3
19.45
20.21
20.83
10.98
11.46
16.42
18.53
25.7
23.4
9.24
10.75
14.94
17.82
21.31
25.88
12.48
13.76
21.36
20.96
17.36
25.68
10.75
13.18
17.83
19.79
23.6
17.83
8.61
11.2
19.1
17.36
17.7
27.31
11.77
16.02
14.74
16.71
19.31
31.5
10.29
17.32
15.17
20.76
22.01
17.74
10.67
13.66
16.32
19.68
19.69
22.48
8.42
13.8
18.77
22.66
18.98
23.07
8.03
10.33
12.39
17.88
15.21
30.58
7.45
13.4
20.86
19.25
21.62
23.53
8.5
14.59
18.86
14.87
16.18
22.7
10.79
13.95
22.96
21.41
22.51
23.89
7.68
11.22
15.21
17.9
23.38
23.85
11.98
10.04
17.21
16.5
22.71
17.95
12.76
9.19
17.54
17.06
24.37
21.02
9.55
9.47
15.66
22.65
19.88
22.36
9.61
11.75
11.99
19.65
29.89
23.86
11.34
16.15
15.63
21.38
20.36
26.41
6.96
13.96
17.79
19.04
20.03
23.94
9.63
12.23
15.12
24.04
21.5
26.58
11.25
11.01
16.04
19.06
21.57
27.76
9.12
13.47
14.04
20.87
20.65
22.59
8.74
15.36
17.8
26.05
16.53
20.41
14.18
11.63
12.85
14.84
15.76
18.7
17.1
11.12
15.16
18.23
25.62
27.83
9.15
10.66
15.13
19.11
25.85
26.92
7.95
12.49
16.43
22.03
18.72
19.88
10.14
12.02
14.68
15.23
22.23
30.11
9.79
10.87
15.48
15.71
27.34
28.59
11.5
15.29
14.02
13.83
18.02
31.23
13.88
13.36
17.14
15.05
18.57
24.47
9.65
14.33
12.41
15.96
19.3
23.42
9.9
11.38
14.87
17.05
25.28
15.09
9.31
10.94
19.42
17.54
19.65
24.42
9.3
11.84
18.8
20.17
20.38
24.26
9.44
13.36
15.8
15.31
26.7
21.54
9.58
15.55
17.87
23.23
31.53
24.89
8.36
11.91
14.61
17.08
30.03
25.8
10.59
14.6
13.32
20.26
21.48
23.9
8.61
14.43
15.57
20.39
18.43
22.81
9.46
14.3
18.68
16.24
24.86
26.61
9.73
15.64
16.36
25.48
20.8
21.78
10.8
13.96
15.3
17.02
24.15
26.88
8.04
11.56
15.64
18.33
20.09
24.68
11.08
14.86
18.69
16.4
29.67
26.58
11.92
10.98
18.82
24.55
17.56
22.15
6.94
13.07
21.44
20.43
23.38
27.93
7.45
12.77
17.06
16.37
19.92
21.45
9.32
11.08
16.07
19.33
20.34
22.15
6.98
11.55
16.44
18.61
23.76
25.65
7.08
12.26
14.94
18.2
23.59
31.98
8.09
12.4
14.44
15.21
16.04
23.34
11.17
17.55
16.55
19.38
27.2
25.37
9.24
12.63
23.31
17.14
25.64
19.17
11.66
11.74
20.82
15.99
25.33
22.28
8.7
17.27
12.92
20.97
20.28
22.02
11.13
13.99
17.5
19.45
14.44
33.04
8.23
14.39
18.47
21.29
27.33
28.55
10.88
12.38
18.88
19.79
28.72
26.86
9.82
14.2
16.69
15.12
25.28
18.84
11.32
12.86
20.33
20.94
23.29
26.79
9.82
12.94
16.06
13.74
26.47
24.55
11.29
15.84
16.88
16.93
21.31
29.88
9.69
11.52
11.85
18.24
26.76
23.74
9.84
9.28
12.93
18.41
25.99
29.17
9.15
9.4
20.42
16.19
23.41
19.58
9.69
14.5
19.06
24.89
21.48
22.89
8.06
13.89
15.82
21.41
19.33
28.48
10.21
9.77
13.78
16.26
18.65
29.09
12.91
12.42
19.69
18.96
39.79
20.96
12.33
16.55
14.85
22.72
19.91
25.81
12.98
15.9
20.33
24.86
24.61
25.16
10.14
16.8
15.6
19.85
19.58
21.84
10.45
9.45
14.72
21.97
29.2
18.47
8.85
11.81
19.92
16.49
22.77
25.99
7.17
13.73
21.63
20.36
23.16
22.56
10.66
12.08
21.63
22.15
28.16
21.6
7.75
12.36
17.14
22.85
27.25
27.95
9.48
13.38
19.58
15.81
22.19
27.99
11.61
13.37
15.44
23.58
20.33
25.97
9.17
13.46
16.12
23.67
15.14
29.58
10.7
13.32
17.32
15.53
25.53
20.13
11.49
14.73
11.8
19.29
25.53
31.39
8.17
14.72
14.64
21.77
20.21
20.7
11.69
13.33
16.95
22.14
25.54
17.91
8.63
15.17
18.72
17.12
19.29
17.08
8.15
9.54
14.62
20.43
18
22.87
7.61
10.81
25.15
18.59
23.22
23.16
10.23
12.6
21.76
16.58
18.65
26.09
10.13
13.62
18.02
14.25
29.03
26.03
13.58
12.31
13.77
17.22
20.01
30.61
8.22
14.06
13.32
17.64
18.76
26.12
11.27
9.93
23.46
16.41
25.35
24.23
8.76
13.95
10.1
19.46
22.65
23.38
7.86
14.34
14.22
27.92
21.17
21.25
8.22
14.73
17.27
21.42
17.08
30.05
7.49
13.16
16.22
19
24.88
27.63
9.78
13.88
16.26
24.3
24.07
33.47
7.82
12.07
15.18
19.93
18.42
25.36
11.51
12.68
16.61
14.86
22.24
27.33
9.7
10.94
10.97
20.51
19.85
33.61
8.24
15.27
16.9
26.18
31.03
24.99
7.83
10.64
15.48
25.46
24.5
28.8
9.31
13.87
18.84
21.12
19.85
29.91
8.68
7.98
18.92
16.7
22.86
29.78
9.67
12.57
14.9
17.72
17.41
24.27
8.89
14.93
16.38
15.82
16.9
24.86
15.09
10.38
18
18.34
20.45
35.72
8.77
10.48
11.58
23.54
20.92
24.66
6.62
11.48
12.41
20.04
23.84
23.5
7.07
14.69
12.04
17.98
23.45
27.76
8.69
10.63
20.26
19
29.82
20.1
9.81
11.4
14.86
17.59
25.11
26.98
7.28
12.51
15.7
17.68
19.53
23.83
14.88
13.39
15.23
24.39
22.94
23.41
10.95
11.21
19.68
23.05
19.87
23.18
10.73
13.96
16.98
15.07
24.8
26.33
10
10.96
22.29
19.08
24.44
34.83
9.33
17.2
13.05
15.99
16.66
24.31
9.23
12.39
21.27
14.92
26.68
19.34
11.16
10.33
17.32
22.27
18.89
22.34
9.79
11.98
13.08
23.49
25.23
30.29
11.76
16.65
15.87
21.18
17.7
20.62
13.77
13.48
13.79
15.39
18.77
22.28
9.82
12.82
13.07
17.18
24.44
28.66
12.36
16.11
15.11
19.26
23.77
25.62
14.19
12.98
18.29
24.7
15.74
22.85
9.69
14.03
16.09
21.66
20.96
30.36
9.55
12.07
22.3
27.5
22.99
18.69
10.19
15.3
13.66
13.82
22.03
26.27
9.68
14.68
15.67
11.5
21.1
27.75
7.71
15.06
17.42
27.12
22.01
25.53
8.34
15.24
28.1
16.96
16.85
22.62
7.94
14.24
22.42
18.22
30.33
23.97
10.06
10.35
11.22
18.4
24.38
33.27
10.83
14.55
16.86
14.83
23.11
25.03
10.19
15.78
14.84
19.72
20.31
28.08
12.99
14.59
16.64
20.45
17.63
27.83
12.68
12.49
12.35
19.52
18.24
18.59
12.16
14.1
14.67
19.28
25.49
27.4
9.72
10.57
16.13
20.63
19.41
25.98
7.46
12.23
15.14
23.54
18.8
24.73
8.73
16.85
15.65
19.53
17.77
29.65
6.71
12.21
14.92
15.85
22.13
27.4
8.82
16.48
14.62
23.31
22.09
21.61
7.55
14.35
13.6
20.24
20.62
21.28
8.08
12.22
14.64
14.85
15.76
28.44
10.52
12.32
18.17
17.21
22.53
20.69
10.46
11.9
14.07
20.48
21.13
34.8
7.78
15.13
15.03
19.07
25.12
20.31
12.79
10.78
13.87
26.12
18.7
33.16
10.51
15.4
18
16.09
24.4
23.86
7.4
22.62
17.08
18.84
22.08
19.71
9.59
15.01
15.4
17.61
22.3
26.41
9.5
9.33
14.81
14.9
39.17
26.15
8.05
16.75
16.69
25.92
25.37
28.55
10.08
16.35
18.15
17.1
18.19
25.27
8.49
13.64
26.08
17.06
24.58
31.44
7.93
15.92
20.02
15.08
18.31
30.31
9.12
14.14
12.53
19.83
27.6
25.74
10.99
12.05
12.55
16.57
21.41
20.23
15.43
9.28
18.35
20.08
26.88
21.92
10.81
15.84
16.65
18.65
17.23
22.89
8.49
12.59
15.86
10.93
16.9
22.47
8.56
8.91
13.96
15.53
22.13
24.48
8.51
14.11
15.3
17.25
19.97
16.08
9.47
15.4
17.82
22.46
22.14
30.83
7.95
12.33
17.09
19.24
21.97
27.37
9.02
11.58
16.92
15.45
19.38
28.92
9.79
9.29
14.64
17.16
21.51
21.82
12.04
11.57
13.96
15.19
25.89
28.42
9.36
12.25
20.96
21.02
28.8
26.14
12.29
10.7
19.24
15.98
21.95
25.21
10.94
14.83
11.58
14.8
24
23.91
14.31
14.36
15.69
14.52
17.7
22.11
8.27
13.27
20.15
24.73
16.64
29.72
8.49
12.85
18.02
15.79
20.04
28.49
10.23
11.47
15.93
19.58
14.84
21.11
13.08
9.57
14.15
24.83
27.36
33.33
9.4
12.96
11.69
18.55
16.54
22.65
11.56
13.95
16.05
17.46
14.78
20.18
10.69
11.29
14.94
15.26
22.9
31.69
6.16
11.26
12.06
17.3
24.05
27.11
11.74
13.44
13.77
12.63
21.75
24.97
5.39
13.43
16.12
19.58
21.57
24.86
8.54
19.92
17.49
21.4
30.73
26.52
11.78
12.39
18.18
16.64
24.87
28.2
8.45
12.47
11.45
19.36
21.67
24.47
10.1
14.79
16.92
24.9
23.42
30.45
12.7
12.32
13.13
21.69
25.38
21.16
6.32
15
17.77
14.28
27.69
21.84
10.7
13.45
16.93
17.85
24.38
23.43
11.3
12.97
19.85
18.09
25.32
20.76
10.58
14.96
18.42
19.55
32.66
20.02
13.12
9.72
12.85
21.04
18.58
22.5
8.71
14.21
16.17
18.66
17.36
20.26
8.96
15.76
19.16
17.48
29.25
26.39
9.38
14.88
13.42
18.9
22.4
26.29
9.82
15.73
16.26
21.08
18.31
23.75
10.7
9.05
18.1
21.99
32.5
27.47
11.52
13.54
15.98
24.78
26.67
25.14
10.99
11.24
15.07
19.76
25.78
25.58
12.25
13.29
18.34
15.01
19.85
27.05
8.9
13.86
13.67
23.99
26.54
27.16
10.28
11.09
15.61
18.29
23.03
23.8
10.42
14.36
15.34
17.03
27.97
26.6
8.8
17.07
14.2
19.63
25.8
24.95
13.49
21.72
16
16.82
22.01
25.67
11.79
13
14.28
17.69
20.46
22.71
9.6
14.58
16.71
15.55
19.05
24.3
8.64
12.51
14.18
15.36
24.1
29.47
10.29
16.24
18.89
17.08
25.62
25.2
13.39
15.49
11.18
19.57
33.08
24.65
8.31
13.79
22.63
20.27
20.39
25.87
9.69
10.37
23.09
15.17
20.35
29.41
10.94
11.79
20.92
19.96
17.62
26.8
12.39
8.82
17.6
20.05
23.29
19.87
10.39
15.83
17.19
17.41
23.43
23.59
7.09
11.61
19.64
13
22.07
21.41
8.66
14.64
22.75
22.02
26.2
21.01
11.22
14.37
17.84
23.04
19.49
28.28
10.5
13.45
14.64
17.82
24.6
21.61
11.66
13.54
12.89
23.95
22.57
26.6
8.22
16.66
10.52
22.03
25.23
16.62
12.41
15.72
14.86
18.69
24.96
28.57
7.03
11.25
17.96
22.54
27.71
23.37
8.3
15.97
14.09
29.59
23.41
26.13
8.9
11.14
19.1
18.09
26.54
34.43
14.29
16.98
16.32
19.16
21.78
20.93
7.97
12.12
15.92
19.52
23.95
20.02
11.32
11.19
14.31
21.13
20.94
22.65
10.35
17.45
14.33
29.01
24.66
22.81
10.05
11.53
18.08
23.6
17.43
17.6
11.26
16.39
17.21
21.34
31.68
31.05
10.48
16.48
13.17
17.12
22.26
23.55
10.11
10.17
16.46
19.18
21.55
23.15
16.04
11.6
16.9
19.23
21.74
28.33
7.33
12.39
22.05
24.53
18.21
24.04
10.71
13.05
17.36
20.16
19.82
30.44
8.75
14.91
17.2
22.24
23.98
20.36
8.62
13.79
14.68
16.47
20.1
24.91
8.98
13.39
15.96
19.06
19.53
21.47
7.98
12.93
20.18
20.6
26.58
28.11
9.25
9.89
19.7
23.72
16.08
19.53
11.41
10.94
14.95
20.97
24.73
21.6
10.57
18.9
16.93
14.92
13.68
29.27
9.13
11.67
14.72
20.48
22.34
20.75
7.69
13.59
19.61
19.79
17.35
23.27
13.55
10.34
13.44
21.87
19.37
25.54
8.71
11.49
16.74
20.12
16.14
18.99
10.35
13.92
22.18
19.55
15.74
26.96
8.3
11.93
15.27
17.78
16.09
23.89
9.17
9.74
15.3
28.57
23.86
30.79
14.16
14.3
12.29
19.72
18.72
18.5
10.42
15.35
22.39
31.04
21.27
19.65
12.51
13.49
13.94
23.62
23.88
29.84
10.78
12.02
15.4
17.91
24.45
30.71
8.05
10.2
17.38
16.45
29.05
23
9.61
13.65
14.42
18.69
20.76
24.71
7.94
13.09
18.55
19.23
21.08
24.54
7.74
9.73
15.23
17.35
19.9
22.44
10.61
9.51
16.57
17.52
20.71
31.11
7.35
16.24
19.03
20.82
26.94
27.41
9.49
13.22
13.78
19.9
22.14
26.96
11.27
13.59
11.14
20
25.21
19.04
9.79
14.54
16.25
23.06
20.73
22.72
14.66
9.89
15.66
20.35
19.61
23.09
7.24
12.5
18.63
18.69
19.54
24.97
8.23
16.14
18.37
13.89
20.37
32.74
9.62
13.47
18.05
16.74
21.7
31.31
10.17
11.42
10.58
16.21
18.81
28.36
10.04
12.01
17.84
18.57
21.46
23.79
8.01
12.72
13.45
23.13
19.63
22.26
8.26
16.93
21.99
16.14
18.32
25.55
10.66
24.2
14.37
18.53
18.92
23.48
12.7
12.95
18.42
15.04
25.01
28.57
12
15.02
21.92
18.9
21.56
23.95
9.22
13.41
13.93
19.71
16.73
33.66
7.97
15.56
16.63
16.98
18.7
46.86
10.57
10.67
17.99
19.03
25.61
20.62
9.27
14.47
15.95
26.22
19.27
32.28
7.85
14.92
16.27
27.37
23.49
31.11
9.46
12.77
18.15
22.37
25.86
29.81
9.87
9.77
15.84
18.03
19.81
27.2
12.07
14.76
12.05
17.77
23.11
34.84
8.88
13.31
14.4
21.09
21.21
22.25
10.53
13.54
15.12
22.04
19.48
28.73
13.14
16.92
14.16
19.75
19.39
22.33
8.23
12.53
16.74
22.44
25.89
17.72
9.18
16.97
16.03
18.26
28.61
31.52
12.77
11.55
24.64
12.05
17.79
17.88
10.32
11.07
16.63
16.15
26.44
26.6
8.95
12.17
18.91
18.31
29.08
27.75
10.04
13.53
15.84
17.97
19.85
28.31
11.5
9.63
18.31
20.82
22.56
22.61
10.73
14.86
17.63
19.68
21.22
20.94
10.3
14.49
19.05
18.5
21.08
23.29
8.61
9.87
16.8
17.73
17.22
30.45
9.21
12.27
13.1
20.43
19.25
27.64
10.31
12.79
14.84
21.25
19.17
31.56
7.86
14.4
19.53
20.06
22.51
31.11
10.99
13.11
20.05
17.83
19.26
29.18
11.84
12.51
15.25
28.87
23.03
33.55
10.2
14.48
21.61
20.13
26.4
22.36
10.65
13.77
23.72
13.66
17.63
24.48
11.06
15.46
14.79
19.76
20.6
27.93
8.9
11.57
15.65
17.05
25.67
28.66
7.71
13.77
11.67
19.39
20
29.59
13.4
12.8
16.13
18.75
24.24
18.71
8.93
15.2
11.19
19.01
16.91
22.23
12.55
10.18
16.64
19.88
17.87
19.77
10.5
14.94
17.82
22.79
25.05
26.81
8.73
13.36
15.32
20.4
18.95
26.7
9.43
15.99
15.26
19.42
19.27
23.1
11.58
14.75
15.22
13.7
17.63
21.74
10.02
11.02
16.81
23.73
17.4
25.65
10.67
12.92
21.23
26.22
22.08
26.41
10.57
10.15
22.64
17.12
21.49
28.11
9.67
10.94
19.42
20.77
22.99
20.41
11.36
16.12
17.2
19.98
27.82
25.19
8.76
12.75
16.34
18.59
33.31
33.38
10.38
9.76
19.29
23.84
24.46
26.81
11.11
12.76
20
21.08
21.08
24.73
11.76
11.62
15.89
18.22
15.79
24.28
11.02
13.4
18.16
20.71
17.45
19.18
10.09
13.22
13.66
21.72
24.98
21.91
9.92
14.47
20.5
18.27
21.92
27.17
11.28
12.24
14.09
16.15
17.13
38.79
10.2
11.43
20.52
31.21
19.09
28.66
10.12
10.91
14.66
15.47
20.38
27.67
10.5
11.01
16
23.2
19.6
24.78
9.01
16.39
14.01
17.27
25.47
21.99
12.53
20.16
11.22
19.36
19.68
24.77
11.84
15.51
17.24
19.43
22.63
24.55
8.08
14.39
13
20.24
28.19
27.44
12.26
12.57
13.29
15.15
25.45
29.82
12.14
16.92
16.16
16.49
18.25
33.36
9.48
11.65
12.17
16.47
24.01
34.18
9.41
9.44
14.02
18.5
31.33
23.19
14.51
10.6
14.19
14.05
26.74
29.08
10.66
12.93
18.8
18.03
28.04
24.54
12.38
9.92
18.09
26.67
23.31
19.77
10.24
16.07
14
16.45
37.89
33.36
10.45
13.18
14.4
18.04
32.14
24.15
8.69
14.66
20.56
21.8
17.59
21.57
8.56
16.17
17.79
18.97
19.4
25.54
11
15.36
13.92
17.29
22.55
27.22
9.01
14.91
18.43
19.27
20.24
24.5
11.28
12.47
15.65
17.01
24.42
42.75
7.95
14.95
13.82
29.13
24.01
20.56
10.33
16.83
18.61
21.37
23.71
23.39
9.17
10.55
17.63
16.29
20.88
19.32
12.14
13.12
15.98
22.32
20.27
21.84
7.88
15.46
22.05
17.76
20.67
33.52
15.05
12.09
18.63
16.76
17.29
25.57
8.32
12.52
17.04
20.08
23.48
24.47
8.24
11.68
12.69
18.61
21.62
23.46
10.36
13.54
20.13
21.89
17.13
24.65
9.22
9.19
16.63
19.79
21.59
26.73
9.31
11.89
18.55
16.66
20.47
22.65
9.3
12.45
17.27
18.55
18.2
23.98
11.22
16.78
12.25
18.38
18.17
26
11.47
12.35
22.35
14.46
18.75
31.93
13.03
12.22
15.99
16.68
22.92
22.35
11.92
11.78
18.62
22.19
23.32
32.09
10.59
11.25
10.94
18.59
25.45
26.13
14.03
19.04
15.38
21.88
16.9
24.08
9.73
10.85
14
16.53
20.33
24.28
8.41
17.38
14.02
22.42
21.22
28.67
10.07
12.62
13.68
18.87
27.46
28.22
11.14
13.65
19.26
24.22
16.1
24.87
7.64
11.96
20.77
21.96
22.22
23.56
13.07
12.47
14.15
18.22
23.7
26.5
10.07
11.4
14.89
17.97
30.99
20.07
8.44
11.87
12.74
16.34
21.94
27.15
8.91
11.7
19.51
24.12
18.06
22.96
10.26
11
20.72
19.61
23.05
33.16
9.37
10.5
17.24
13.46
25.95
28.38
11.03
9.29
16.56
17.68
18.29
37.61
10.09
15.5
17.01
19.86
20.22
28.1
13.84
9.49
16.61
22.49
