"x"
18.35
9.75
41.32
21.82
20.16
17.66
12.01
9.34
14.72
19.06
9.91
14.5
18.51
11.76
44.46
11.22
11.87
12.58
45.2
10.43
20.16
9.24
13.94
11.24
11.32
9.12
14.58
19.22
16.28
22.92
15.6
20.35
14.52
29.84
26.12
21.08
18.97
15.27
14.64
16.09
9.2
8.13
10.03
11.21
13.13
20.92
14.24
15.12
11.47
13.05
9.65
25.18
14.91
19.19
14.99
14.89
11.85
11.48
13.49
18.25
11.97
26.57
11.07
15.93
14.75
12.07
18.73
14.85
12.4
18.83
13.56
18.37
10.22
14.2
9.66
30.12
18.45
23.35
12.6
14.63
16.34
14.06
40.66
19.19
13.18
26.58
18.59
15.08
17
7.62
14.95
12.04
10.77
40.87
13.93
14.76
11.99
14.89
14.62
16.91
13.9
27.1
16.04
35.73
20.57
18.05
16.69
13.8
20.83
16.44
19.47
15.3
9.45
33.11
10.68
17.79
11.9
29.16
15.3
12.92
22.91
20.1
22.06
18.76
12.42
16.53
19.49
19.11
11.63
23.81
23.85
12.25
15.58
15.76
9.26
9.34
22.21
20.69
20.56
15.16
17.41
10.29
14.85
24.86
24.58
11.03
22.74
11.41
26.81
6.92
19.26
10.54
9.5
16.98
25.61
9.48
22.39
13.34
11.89
14.29
20.53
11.7
19.57
16.54
9.57
22.88
12.8
14.58
17.09
17.11
24.08
14.22
13.85
16.79
18.91
30.12
28.27
11.19
49.33
14.92
20.53
16.52
15.22
37.59
11.19
17.3
17.91
20.24
23.92
13.66
9.18
17.74
16.55
11.17
17.45
8.59
13.57
14.05
10.37
22.05
17.49
10.14
20.41
13.45
16.33
10.37
11.54
10.69
15.44
27.92
11.11
10.49
14.62
14.13
7.99
18.41
22.78
15.37
12.28
13.45
14.81
42.84
17.27
15.95
10.17
11.43
9.23
14.41
18.89
11.3
20.82
17.81
15.57
17.46
12.72
16.14
9.84
16.1
15.34
20.78
13.11
17.95
12.29
12.47
18.22
20.98
8.91
18.18
12.23
12.86
10.52
15.17
16.35
9.36
12.6
11.13
10.99
13.53
23.84
9.1
11.47
9.66
11.08
14.05
17.33
20.06
19.55
40
11.33
17.82
16.01
12.44
13.65
11.88
15.08
12.33
15.86
11.5
10.66
30.15
14.83
15.97
10.38
19.66
11.3
43.14
13.05
15.3
9.49
8.14
23.11
49.48
21.36
10.93
16.59
11.74
17.1
15.27
16.67
14.04
14.06
17
16.35
12.34
12.64
13.46
10.73
15.37
10.78
42.97
14.85
17.78
20.38
14.65
28.4
16.07
18.25
13.69
11.98
9.22
16.02
17.39
16.44
8.96
11.08
16.96
22.97
43.89
12.45
19.59
16.86
11.11
11.82
20.3
20.11
12.78
42.13
18.37
9.62
13.4
19.15
11.58
22.43
13.03
10.63
28.38
13.4
20.66
45.77
11.4
15.56
12.64
20.08
13.21
13.37
34.6
17.22
16.86
18.66
40.75
27.32
25.55
9.88
15.14
22.9
21.38
19.6
10.96
20.31
11.89
16.38
20.69
21.59
10.36
18.85
9.33
17.42
14.11
8.44
15.61
13.48
10.47
11.22
14.67
13.72
15.17
16.77
16.1
12.38
32.74
19.97
19.32
18.41
13.09
48.81
13.36
31.63
14.32
14.21
22.36
22.16
21.64
27.52
47.15
20
11.29
23.79
25.58
8.7
46.68
20.51
9.4
45.78
10.74
10.99
14.09
17.47
18.66
13.78
23.65
13.58
13.98
17
9.69
19.66
13.27
9.7
12.44
13.13
18.66
18.72
13.46
14.03
16.97
25.9
16.83
14.48
19.89
19.93
13.25
16.87
16.01
23.78
12.12
14.63
12.49
15.08
17.94
10.94
20.73
14.96
18.94
16.57
19.2
14.59
11.68
18.58
18.42
14.5
15.68
13.98
15.58
20.66
21.18
13.75
13.7
14.76
26.6
12.38
11.95
19.47
15.55
9.11
13.73
19.18
23.17
16.87
18.76
17.23
9.3
26.93
15.57
16.36
28.67
18.68
12.48
18.61
17.48
17.97
13.26
9.89
13.77
11.44
15.03
24.52
29.09
9.68
17.47
13.09
13.86
14.75
14.09
14.37
19.54
44.56
15.96
48.68
10.19
24.93
10.94
28.55
14.8
17.19
25.41
17.99
15.79
11.82
13.19
11.75
20.71
10.52
21.88
20.68
10.64
11.82
31.53
15.64
26.85
17.83
9.18
12.17
20.21
20.41
35.23
22.99
10.67
11.53
22.78
18.38
8.77
20.86
10.21
18.9
17.46
20.87
17.11
8.33
21.3
15.7
10.95
15.89
27.8
9.52
12.4
12.61
11.9
25.61
17.11
9.53
15.08
24.79
15.52
12.68
29.05
31.38
25.82
30.44
18.87
11.42
13.85
15.68
22.82
17.11
13.36
9.95
15.34
13.65
13.87
12.85
12.27
16.53
12.16
10.92
12.06
15.6
15.02
12.68
14.27
10.39
14.88
17.89
21.69
28.89
12.17
11.24
17.59
13.34
39.59
13.56
15.51
14.08
18.11
9.31
8.58
9.86
10.34
12.96
17.25
15.57
16.29
35.07
11.36
13.85
20.33
13.36
17.14
15.16
14.64
17.65
16.53
11.21
8.09
38.53
12.82
17.39
12.34
15.49
12.93
21.17
12.83
11.96
43.15
15.81
37.96
18.35
8.5
12.02
13.82
45.96
10.74
21.04
18.02
18.46
9.46
14.64
16.42
11.57
10.62
23.51
10.49
18.01
17.84
13.69
11.61
11.68
16.39
42.18
33.69
15.29
12.69
17.99
21.88
10.77
20.56
22.26
16.88
15.85
16.92
17.08
14.18
21.61
10.91
12.77
11.94
16.23
16.34
11.87
14.76
18.54
16.78
13.52
13.96
11.96
10.65
32.01
26.86
17.98
14.07
11.52
17.69
11.07
18.38
24.75
11.25
17
20.85
9.91
16.32
12.44
20.75
20.23
14.07
17.62
15.43
14.03
17.3
9.28
18.66
15.04
17.92
15.96
10.32
11.12
36.61
39.14
25.45
12.6
16.58
34.31
37.86
17.49
22.13
17.74
14.88
18.83
11.32
25.3
10.96
19.19
12.63
22.22
22.4
8.35
28.07
17.75
12.52
15.84
17.59
9.1
21.08
9.23
17.51
10.98
11.12
15.16
9.45
20.1
17.31
22.32
19.1
14.18
24.27
18.58
17.41
15.07
12.38
17.78
25.98
13.47
11.69
16.33
12.62
19.98
14.44
8.27
16.06
24
15.89
8.74
20.43
15.93
10.53
17.53
11.9
9.98
13.7
30.99
41
40.06
42.91
12.56
23.39
16.99
11.85
18.28
11.1
22.85
50.94
26.05
36.01
43.63
23.43
12.65
9.08
13.22
10.42
10.53
34.78
12.09
45.72
20.25
11.57
11.35
19.32
12.52
19.72
16.37
18.73
16.87
15.98
19.36
11.7
13.38
21.29
29.88
15.72
20.64
17.52
28.5
16.1
20.97
41.99
14.56
37.87
10.31
15.57
24.68
8.63
11.5
9.94
21.93
37.38
11.96
23.5
15.25
21.63
13.75
18.92
42.9
12.92
10.9
12.32
12.1
9.14
17.96
12.15
17.73
17.01
22.26
12.93
16.11
13.86
23.86
17.09
14.65
15.21
11.9
34.73
13.07
17.38
15.8
14.73
20.46
22.98
11.76
10.77
20.67
10.18
15.32
13.15
11.02
14.04
14.38
14.05
10.97
16.62
16.22
16.42
16.03
13.39
21.22
14.17
8.4
23.12
13.46
40.64
10.85
14.93
16.8
13.39
20.8
27.48
9.37
18.69
12.92
21.78
10.28
9.22
26.39
14.9
22.6
11.15
10.86
26.31
16.93
10.49
16.35
10.02
18.44
19.22
16.68
19.31
13.6
24.72
20.39
15.87
21.02
15.19
19.46
9.32
13.08
17.05
13.97
9.57
11.19
13.36
43.08
14.32
24.43
19.97
13.93
44.35
9.95
41.54
15.95
14.51
19.27
12.45
48.46
10.78
14.03
9.55
18.88
13.09
21.22
14.02
19.27
15.09
24.95
14.72
20.85
18.66
43.97
18.96
15.28
12.65
33.96
15.14
10.2
11.26
27.26
13.64
11.18
11.27
16.66
14.89
21.46
20.86
10.94
16.51
21.33
10.44
13.8
18.52
15.66
16.88
21.31
21.92
16.36
17.08
10.96
19.23
17.76
14.03
17.11
41.28
9.11
9.32
33.21
19.01
14.98
13.09
14.95
12.79
13.91
15.97
30.78
14.29
19.66
12.31
17.15
11.12
16.43
14.45
10.16
16.91
11.01
37.16
21.18
12.62
21.88
12.91
17.49
25.33
13.8
17.99
14.29
20.17
12.3
24.27
22.46
14.08
10.03
12.29
31.38
13.62
18.88
17.69
16.39
9.12
10.1
17.87
12.04
17.44
16.35
17.24
11.94
13.57
21.21
18.99
23.2
18.51
10.43
11.75
16.82
16.68
9.64
15.42
14
16.22
13.22
10.43
26.72
19.38
12.99
16
14.81
35.01
18.35
9.16
11.52
23.75
44.38
18.35
9.14
11.55
14.49
14.75
12.77
9.74
22.47
18.19
13.71
18.11
11.95
23.65
9.27
7.73
11.36
21.79
10.1
17.8
17.37
20.02
24.83
18.99
11.15
10.33
11.2
15.67
11.87
47.94
13.29
12.98
15.24
16.94
14.45
15.87
21.04
19.5
17.44
11.93
20.35
11.06
18.21
41.47
12.64
15.11
12.51
19.64
14.59
43.18
25.4
7.32
12.96
21.63
14.25
16.86
32.56
15.07
21.33
18.5
16.55
17.32
13.8
19.68
12.21
42.65
16.38
12.32
17.24
17.73
8.72
17.12
15.08
30.95
14.88
37.2
11.17
11.7
42.34
9.84
17.29
16
13.32
12.87
13.37
11.72
16.06
9.09
10.82
12.31
24.87
15.7
39.9
15.8
9.71
17.32
18.06
19.08
40.1
9.16
14.68
20.33
46.11
46.45
11.31
18.64
20.31
13.01
14.31
14.94
13.51
20.01
18.9
17.36
17.2
10.86
47.42
52.39
23.07
26.13
17.02
12.01
21.44
10.42
14.13
21.59
21.25
18.69
15.15
18.9
16.68
11.16
10.49
22.77
14.53
17.18
13.39
11.13
10.72
18.73
15.65
9.57
12.42
20.33
14.59
12.08
21.5
11.6
15.07
9.31
19.49
12.05
30.08
14.12
10.52
36.96
18.88
11.51
44.99
16.96
15.22
10.56
13.96
18.81
16.31
8.99
17.03
12.12
18.54
13.98
13.27
44.74
13.81
42.26
15.02
18.13
10.19
18.03
11.19
17.73
17.85
23.56
20.65
8.52
15.12
50.46
19.11
13.78
16.52
19.03
15.9
9.05
17.83
17.47
11.52
12.58
45.74
10.55
16.09
18.6
18.97
13.1
12.05
11.83
21.08
11.56
18.22
51.72
10.95
15.46
16.37
21.98
10.05
20.22
23.69
23.26
15.05
11.51
11.22
46.24
17.73
15.57
13.14
12.47
12
18.64
18.85
19.6
10.14
13.15
11.37
15.46
13.23
15.18
13.67
17.22
24.42
19.62
30.89
15.09
12.45
12.15
11.54
19.01
14.6
19.64
17.83
14.13
16.55
19.03
14.64
40.16
21.63
35.67
15.91
13.6
9.6
18.1
15.49
15.9
12.03
13.66
9.85
16.54
10.5
9.86
10.61
12.63
13.72
8.72
17.47
9.99
7.83
10.18
43.56
16.07
14.81
18.81
17.49
10.86
11.64
12.6
18.02
13.49
14.19
13.84
11.62
21.33
10.27
13.49
26.55
13.33
14.98
28.35
14.48
9.71
16.45
16.15
12.45
17.81
10.73
9.33
12.32
37.54
10.36
11.45
11.92
18.4
13.86
13.03
8.79
18.17
19.24
9.14
15.68
22.28
8.49
14.77
9.62
12.04
11.01
14.69
14.47
20.53
16.92
22.15
14.08
28.53
13.57
17.06
10.73
12.92
16.27
11.68
20.27
31.92
17.08
19.33
35.18
11.08
21.62
13.97
20.55
11.82
8.03
31.46
21.1
13.29
15.84
13.88
12.22
29.29
14.65
19.69
28.63
13.97
14.35
13.19
20.23
11.92
28.07
12.27
17.22
27.45
21.48
11.19
11.62
15.03
11.82
17.03
48.13
14.88
12.96
15.98
12.09
14.28
19.22
16.8
20.58
17.37
28.24
9.05
23.43
15.66
21.16
9.39
27.45
42.1
17.34
15.54
17.13
8.28
42.43
17.79
13.05
20.17
10.37
51.07
22.1
14.34
16.07
12.87
23.61
18.34
20.44
14.88
23.63
9.08
29.05
29.64
12.28
9.48
19.97
21.16
10.71
20.6
20.1
11.58
17.72
8.86
15.06
12.95
8.87
21.39
17.75
21.69
20.42
11.26
13.69
17.57
16.16
16.74
10.03
15.01
13.4
11.68
13.31
17.75
14.25
12.95
17.44
23.2
11.19
11.1
10.81
20.19
16.54
11.76
12.91
19.87
42.63
15.89
9.42
19.17
13.49
13.11
14.58
20.34
20
14.05
23.82
22.35
19.28
13.71
10.63
13.17
23.31
15.97
21.06
41.86
19.51
26.73
17.27
11.11
16.02
16.43
16.41
14.97
19.72
26.92
19.28
14.21
15.73
16.04
25.48
13.61
19.59
13.75
17.76
14.18
9.32
19.22
22.38
16.05
18.49
14.47
17.45
11.53
16.62
10.43
12.25
15.39
12.84
17.95
15.69
15.84
17.93
20.78
36.02
12.23
27.91
17.09
22.37
15.76
15.36
18.23
27.4
35.34
13.19
20.31
18.53
14.62
17.04
24.81
14.18
11.42
17.45
18.95
23.73
29.21
8.4
25.03
24.7
13.68
10.02
17.28
20.18
17.7
12.38
19.88
9.6
19.1
25.91
19.31
19.24
12.45
30.15
19.51
15.85
18.51
25.27
11.71
21.88
19.21
13.32
16.14
14.84
17.32
14.34
14.77
21.62
27.27
10.48
11.75
30.78
28.76
17.88
11.07
21.57
16.95
14
28.46
11.95
24.04
25.62
10.07
12.63
18.77
21.86
10.49
9.91
13.83
14.03
13.15
11.79
17.77
13.36
13.97
12.6
11.57
9.85
17.19
21.83
15.24
20.57
16.38
8.83
20.43
10.66
11.55
9.95
39.88
18.8
21.29
14.29
12.69
15.78
20.42
13.12
15.79
11.06
11.83
20.05
8.06
12.81
14.43
14.1
12.13
11.62
19.78
15.12
18.79
10.9
34.07
25.46
11.76
23.14
17.7
18.68
52.6
10.91
19.2
8.6
12.66
8.28
14.39
9.2
21.86
18.66
9.98
21.45
12.44
9.66
19.55
11.72
19.07
12.26
11.11
11.25
27.66
33.82
18.81
31.59
45.4
13.26
11.47
14.25
19.55
43.1
13.86
9.07
17.5
22.46
17.33
11.19
15.77
26.73
12.49
19.56
19.2
15.06
45.86
24.51
38
16.19
12.47
10.65
13.65
13.33
11.41
11.36
12.95
9.53
17.5
20.57
14.47
19.63
15.85
12.87
8.98
10.99
16.78
10.27
10.97
16.28
22.73
13.74
17.5
17.72
16.56
17.95
53.56
18.05
11.85
15.75
12.52
10.63
26.02
12.87
17.72
10.56
16.32
13.85
18.65
10.84
13.2
15.04
23.94
8.98
16.52
42.26
30.15
21.98
15.65
14.56
12.25
16.47
15.14
19.17
16.47
14.55
28.29
12.45
13.96
16.75
17.72
28.17
12.77
21.22
18
20.18
16.77
13.23
19.28
13.6
14.52
11.98
29.4
33.54
14.37
19.02
12.67
10.23
20.22
34.33
11.76
20.37
22.77
10.15
9.17
11.14
12.93
13.24
13.8
33.51
14.72
18.19
15.67
15.82
15.14
14.9
10.2
10.62
17.08
21.99
12.23
13.95
22.08
17.54
39.54
15.3
14.42
17.57
12.32
10.28
17.58
12.96
47.83
17.46
22.2
18.11
15.38
19.22
8.98
22.62
24.57
12.59
14.37
21.51
15.84
11.77
23.45
15.79
21.94
10.68
14.47
20.65
18.71
17.04
26.96
16.08
19.87
10.98
23.88
13.23
10.98
10.66
16.51
19.04
16.15
12.26
15.11
9.29
14.43
24.55
12.49
9.25
13.27
42.34
13.37
44.72
18.34
16.21
8.19
13.98
15.34
17.22
15
10.56
12.52
22.85
20.3
17.05
11.28
13.27
9.4
13.94
13.39
39.45
14.56
16.02
11.51
11.94
9.65
20.63
18.85
20.82
21.6
9.47
14.53
16.17
16.04
16.37
16.89
26.89
11.41
12.42
12.97
17.72
18.88
14.22
12.33
18.38
10.51
15.93
10.28
10.45
13.13
15.79
15.6
15.31
7.75
41.69
17.06
17.81
18
13.42
20.39
25.19
12.72
14.11
10.1
40.17
13.02
13.98
23.54
29.62
17.08
18.1
35.19
14.02
9.52
14.14
49.72
13.77
12.89
43.59
13.31
26.51
17.71
13.72
13.69
22.13
11.98
15.01
11.38
10.15
18.68
17.97
29.19
15.25
13.82
22.15
22.68
41.71
9.82
9.47
12.29
20.8
38.11
17.92
10.71
15.29
16.75
10.41
11.47
21.15
14.4
11.63
12.98
13.54
11
18.77
13.41
22.06
18.8
19.47
12.48
22.93
14.07
18.91
7.48
25.98
14.73
11.93
13.4
8.72
9.39
9.36
11.38
13.2
19.59
14.02
13.4
44.43
22.64
41.54
19.14
10.25
16.33
9.7
15.83
11.94
15.39
15.58
15.52
12.7
21.19
10.73
16.79
11.14
21.61
10.52
16.48
10.44
10.65
18.18
19
9.29
14.06
15.35
14.82
14.75
22.49
18.68
13.21
18.01
18.58
12.54
13.13
15.98
12.22
14.11
13.85
16.3
10.82
11.26
9.74
16.9
16.38
9.54
9.04
18.9
11.75
10.64
11.06
45.12
11.71
15.21
11.21
10.09
13.35
16.92
17.97
17.85
18.28
13.69
20.11
16.23
14.58
14.34
14.88
12.89
19.35
25.71
16.46
37.1
14.72
15.87
18.77
17.88
9.02
11.15
14.2
18.13
13.25
10.46
17.98
37.19
9.85
15.34
11.2
26.35
11.13
14.52
19.88
15.1
16.68
9.57
26.86
39.02
21.92
12.08
45.73
26.4
9.73
10.45
29.19
12.03
17.78
10.14
10.99
17.76
14.42
24.09
21.51
14.51
13.93
21.83
11.28
14.18
17.69
11.25
18.37
9.26
13.35
21.98
24.19
17.76
11.1
13.31
13.72
11.34
12.33
11.62
16.5
16.97
14.35
9.96
14.84
15.36
11.83
17.95
23.74
17.27
24.21
11.66
16.41
15.43
11.27
14.72
10.2
19.76
14.54
10.03
9.01
16.42
18.78
22.28
21.57
22.65
14.04
15.05
13.73
9.78
10.06
12.81
23.2
7.98
13.43
8.61
11.29
10.5
18.44
16.2
21.61
13.91
17.93
38.08
19.86
18.94
10.86
20.64
15.4
19.92
9.42
16.86
28.69
17.89
10.88
11.99
10.16
16.01
24.25
19.7
16.8
19.75
23.67
15.19
19.4
19.52
14.46
20.08
9.95
15.41
23.44
18.83
21.93
10.15
17.12
11.31
18.99
22.91
12.39
14.52
12.02
8.79
23.75
11.48
14.94
10.96
24.81
17.17
18.54
12.73
17.88
23.69
11.17
12.85
14.07
19.32
24.24
14.54
8.99
11.34
12.92
15.35
7.9
23.13
8.63
10.55
12.69
8.48
13.34
20.52
9.7
10.4
11.11
14.82
17.09
11.66
15.95
18.34
17.19
8.56
10.54
10.93
13.36
16.8
19.42
13.46
16.85
13.84
9.95
12.93
14.38
35.89
8.31
15.06
29.65
14.9
15.75
9.69
17.58
20.52
7.69
41.54
39.78
11.21
16.17
15.1
43.11
23.78
11.13
23.08
12.84
18.02
16.53
10.62
16.11
19.56
11.03
24.57
10.08
15.48
16.9
9.9
14.01
19.69
17.78
9.41
22.1
10.51
12.71
25.28
12.33
19.75
10.68
17.82
25.03
20.44
9.54
20.36
25.25
14.97
45.95
10.22
18.35
10.8
9.18
17.14
21.29
23.47
21.2
49.25
18.05
17.33
11.87
42.6
19.45
12.55
12.04
44.23
32.35
15.75
25.99
8.03
30.14
9.13
16.77
16.91
17.4
25.35
22.34
11.93
15.36
14.68
14.13
26.82
14.65
13.33
10.17
18.42
22.45
49.28
19.88
26.9
10.78
19.56
8.94
48.15
17.58
10.46
17.58
10.18
26.21
14.88
24.54
11.58
18.77
37.42
11.25
14.08
26.28
15.43
40.48
12.81
26.4
11.88
9.55
11.75
10.88
15.08
11.85
15.08
10.48
9.3
16.34
26.01
19.1
16.19
12.28
15.49
18.61
15.15
24.35
22.88
17.76
22.98
12.03
18.13
13.84
18.3
20.84
20.39
10.44
12.03
15.29
9.58
13.52
16.05
10.79
17.12
11.01
10.99
20.26
23.17
14.25
12.39
20.12
18.91
7.73
7.89
17.87
19.56
20.25
24.5
17.91
13.88
12.73
15.01
23.77
11.8
24.11
24.41
16.05
14.53
10.38
16.05
23.25
20.94
17.43
13.28
28.62
13.12
10.14
13.07
34.18
17.54
32.44
15.12
14.4
20.26
21.94
17.5
16.7
12.58
10.27
13.41
9.73
12.37
15.1
12.21
24.53
8.3
11.57
19.38
13.28
20.89
18.56
20.38
13.45
17.67
15.68
18.12
16.44
9.1
14.07
19.31
18.5
18.98
11.41
14.49
14.46
19.7
16.21
13.25
18.39
23.11
14.94
14.82
16.93
14.68
18.32
43.6
21.37
15.13
18.27
10.67
14.08
15.8
19.67
15.7
36.85
10.33
19.92
12.58
15.95
25.19
17.55
22.2
11.72
17.04
12.59
9.52
10.95
17.97
11.31
13.63
28.52
16.17
20.04
11.29
20.49
9.6
13.56
8.64
19.37
14.53
13.67
9.64
9.17
11.7
17.03
20.48
9.91
22.17
19.53
12.08
22.12
9.25
10.8
13.98
18.92
15.07
16.11
33.05
16.94
12.71
9.96
15.43
11.59
25.76
8.72
23.63
44.38
8.11
13.84
18.85
41.93
17.59
24.48
12.72
20.08
11.74
10.8
16.59
15.74
14.92
16.18
8.21
15.53
22.96
14.57
13.26
15.66
23.17
13.35
24.38
8.82
12.05
18.49
17.43
10.26
21.74
16.7
11
20.16
15.73
33.8
19.17
12.12
31.84
12.25
11.73
18.52
12.73
27.48
13.98
16.03
20.34
11.22
24.52
16.71
16.84
29.12
20.04
17.88
16.38
14.74
23.44
15.42
13.63
11.27
15.18
15.65
19.66
23.61
13.06
19.23
14.95
9.09
11.91
11.24
16.65
15.1
13.3
14.61
13.42
16.9
11.4
18.27
17.54
36.69
17.38
29.83
18.32
24.53
24.34
15.81
12.1
32.04
15.68
10.04
18.91
12.12
29.42
14.53
21.98
14.6
11.42
12.85
17.59
19.36
18.25
26.84
14.59
16.58
13.75
10.67
11.13
38.92
24.29
12.42
10.04
13.37
17.65
11.39
11.36
17.77
19.95
15.98
15.37
17.26
16.05
43.39
18.88
17.91
36.72
19.13
9.59
11.01
19.09
18.26
25.42
13.69
36.53
16.28
22.12
18.12
16.76
30.14
27.13
17.01
45.59
11.12
21.4
10.73
13.57
27.35
16.65
15.68
25.1
9.69
10.84
14.67
20.65
11.71
13.6
16.19
16.91
18.1
35.75
21.11
20.14
19.07
16.01
15.92
10.23
10.64
24.42
11.89
25.66
11.17
13.8
18.07
8.42
13.26
18.69
22.24
17.39
11.2
21.35
21.49
9
40.61
21.51
16.23
15.19
14.71
18.4
14.35
19.82
25.39
21.21
11.04
13.93
20.06
10.95
24.03
18.8
10.38
13.81
26.15
12.9
12.03
23.8
14.86
8.74
13.8
10.21
13.63
12.77
20.32
32.41
8.86
18.99
16.28
26.19
13.88
16.1
13.71
36.6
16.29
17.63
16.83
19.41
20.35
15.32
24.29
11.96
12.68
20.92
18.84
17.85
12.6
14.42
12.36
16.05
12.35
10.31
10.41
9.28
15.94
17.67
19.07
11.68
22.3
14.19
14.33
22.26
17.28
13.65
15.2
22.78
24.78
13.07
48.87
7.66
39.18
11.23
16.45
10.16
24.14
16.13
23.74
12.21
12.24
14.46
12.58
18.15
19.34
15.01
13.87
22.27
15.14
13.19
9.74
9.86
9.75
19.54
15.39
15.2
21.21
9.85
19.47
32.84
9.26
13.72
39.13
18.45
19.34
20.98
16.22
12.41
21.65
11.79
10.49
22.21
13.69
8.87
14.17
16.62
10.58
17.21
30.34
11.86
11.83
15.52
9.45
20.11
16.27
16.89
14.46
23.18
8.53
17.11
16.57
21.95
25.7
9.55
10.95
15.5
20.49
17.24
12.78
18.77
21.43
17.4
18.92
12.88
10.57
20.66
12.72
12.26
23.88
23.36
17.13
43.4
19.11
13.45
36.18
15.55
9.17
12.27
11.91
15.38
14.02
12.82
11.98
11.78
13.03
14.55
24.72
12.16
12.09
20.03
19.49
13.83
12.4
16.98
15.49
15.16
18.85
15.99
10.4
15.68
16.86
8.55
16.58
9.89
8.52
20.4
37.4
31.46
23.2
15.02
13.33
18.96
12.06
18.39
11.83
16.57
14.86
19.05
17.48
21.11
17.41
25.19
8.34
12.33
19.06
16.78
11.46
21.34
18.93
10.56
25.45
19.24
39.49
12.71
38.81
15.55
15.46
18.64
19.15
12.2
18.57
21.58
17.36
12.26
8.88
12.26
16.18
9.4
11.34
20.3
28.49
13.25
15.74
19.98
15.79
11.5
12.02
14.91
13.69
25.74
9.85
39.08
18.19
15.58
16.38
10.31
20.43
13.5
18.07
16.8
20.59
24.41
10.5
9.56
12.36
20.13
13.88
11.97
19.49
15.26
39.1
22.6
13.38
14.46
14.99
15.95
12.87
17.72
24.14
18.01
13.77
23.22
8.39
16.92
10.29
15.77
19.03
13.09
19.36
16.25
13.58
14.46
10.17
18.23
18.19
19.96
7.1
15.36
18.31
15.6
8.8
18.22
46.04
9.94
18.36
11.98
18.42
26.25
12.24
11.5
13.58
16.49
10.53
18.19
12.01
21.2
18.71
14.59
25.65
11.22
31.5
15.4
15.47
20.15
9.64
43.46
19.99
20.4
20.2
12.85
16.68
14.86
12.36
10.68
35.16
17.31
11.12
43.16
21.83
36.78
11.52
11.01
19.91
9.36
15.37
9.54
19.25
16.02
10.78
13.34
10.55
14.24
18.05
11.5
13.18
15.85
15.7
24.94
17.15
12.44
16.65
15.65
14.22
19.51
13.77
12.67
29.18
11.25
11.83
19.83
20.2
20.79
20.05
15.77
17.29
17.16
8.29
15.1
10.18
16.6
27.45
16.91
24.56
18.89
18.9
16.04
14.6
25.8
27.12
20
15.54
39.47
19.75
10.79
13.4
10.5
24.42
14.21
16.87
10.61
30.01
7.98
13.63
13.56
12.08
18.05
12.03
20.16
17.84
14.92
16.98
24.66
19.86
16.27
57.08
15.53
23.09
11.56
13.85
16.43
12.58
22.64
18.52
12.12
11.04
21.08
21.45
17.57
7.74
45.06
17.21
14.91
16.47
14.93
21.55
13.29
11.37
9.6
11.13
42.67
13.38
10.29
22.56
15.41
11.16
14.92
10.18
12.51
9.7
12.25
11.45
8.58
15.27
13.9
14.01
14.5
10.84
15.34
16.26
18.72
13.56
14.47
9.33
8.15
8.56
21.7
14.36
14.13
21.5
12.67
49.31
18.63
20.48
22.55
8.3
12.29
13.13
9.81
20.21
14.98
11.84
17.15
24.65
15.41
21.18
16.06
28.77
15.29
13.98
14.37
16.48
12.55
15.58
24.47
18.74
16.74
19.62
14.76
11.77
16.55
11.48
15.3
15.22
11.62
19.95
13.37
17.23
16.67
11.31
15.29
38.52
10.52
12.94
14.52
9.73
19.39
13.46
9.78
15.25
28.76
15.61
15.75
16.29
11.26
13.14
24.25
17.42
15.23
13.51
17.27
23.42
13.95
20.69
16.4
12.98
11.62
17.92
10.76
20.35
16.74
12.64
23.26
16.59
22.43
19.55
25.91
10.76
11.31
21.53
25.97
19.82
13.36
15.83
17.11
21.31
18.77
44.93
28.12
21.43
9.85
15.45
26.18
24.65
15.14
13.83
13.62
15.16
13.1
23.51
21.56
11.97
13.67
11.72
17.35
9.32
10.08
15.65
12.29
14.85
11.09
12.54
11.99
16.85
17.08
19.77
13.7
12.76
19.82
18.12
9.83
18.94
17.2
14.88
13.79
18.42
16.45
25.45
13.1
11.92
21.91
14.8
22.32
18.52
28
13.29
15.74
12.24
16.59
12.63
17.32
22.81
19.37
15.44
18.62
16.37
9.35
32.09
19.27
19.12
11.32
16.51
14.46
9.88
13.91
17.39
13.64
12.2
16.31
23.84
34.18
15.25
13.02
14.91
17.36
44.05
14.99
11.73
44.97
15.68
12.32
17.2
16.47
9.45
11.84
18.89
13.19
11.46
8.55
21.62
16.04
18.63
19.2
17.25
8.81
13.94
14.48
23.62
18.81
17.37
9.57
10.69
8.57
17.26
14.94
26.39
11.1
12.99
13.14
16.1
11.71
30.58
24.43
13.61
7.62
10.15
14.18
11.48
13.83
10.72
17.57
13.76
10.77
14.1
10.43
36.37
14.57
40.59
9.47
19.7
18.2
13.51
9.06
20.91
10.35
16.77
16.32
27.67
26.07
16.63
14.93
9
36.39
8.4
11.56
14.46
9.95
13.95
14.64
12.79
18.59
20.09
18.1
16.04
22.65
14.43
8.26
27.47
21.6
12.36
18.4
15.96
21.02
13.98
15.55
27.04
19.79
15.61
13.31
15.42
17.91
18.68
44.98
9.69
12.37
13.27
13.95
10.6
17.22
14.86
14.43
11.25
17.76
13.35
11.8
18.09
17.03
18.6
14.88
16.35
23.85
13.42
19.37
7.71
17.67
9.32
9.29
12.58
21.31
8.35
19.95
12.23
18.59
8.51
20.52
16.14
8.84
14.51
13.19
43.5
17.53
30.54
31.57
22.83
10.58
11.13
12.36
15
20.65
11.35
19.56
24.73
12.22
9.27
17.93
17.53
19.27
16.59
24.62
18.41
12.84
19.77
18.55
16.34
18.49
13.44
42.2
21.99
19.43
11.01
11.98
13.69
11.55
9.11
16.07
12.28
20.71
15.08
17.16
21.87
14.27
11.15
11.96
10.5
42.71
23.46
26.46
22.75
17.1
14.36
11.52
17.87
16.5
22.19
17.85
18.88
16.65
15.18
14.7
12.78
14.08
25.64
16.62
11.51
11.64
9.52
22.67
18.05
19.63
18.8
11.55
20.66
15.35
20.21
18.15
13.3
11.13
17.46
36.21
21.87
10.92
26.42
21.72
9.2
16.46
13.06
22.34
11.7
25.14
15.82
10.01
14.08
13.32
11.61
18.5
18.47
10.31
30.47
18.66
12.83
14.04
14.84
10.99
16.94
16.4
16.18
21.49
19.87
14.47
17
13.14
19.74
10.62
12.84
11.44
15.15
16.85
14.32
16
14.49
15.28
22.74
11.26
12.2
14.77
22.9
13.92
9.89
15.13
15.36
20.45
11.73
8.19
12.55
11.29
15.29
26.46
12.72
19.83
8.38
13.72
10.36
11.13
17.16
21.36
8.07
21.12
14.31
13.32
22.79
21.9
14.8
17.09
14.47
24.69
20.11
20.03
6.88
16.82
14.85
14.93
8.7
10.51
14.87
12.53
15.56
16.54
15.57
13.23
14.36
19.37
20.03
15.48
17.46
12.34
16.13
29.67
48.36
18.85
9.71
15.63
19.06
15.76
17.96
38.66
15.69
20.34
14.72
16.9
13.8
15.3
14.29
12.95
16.88
15.2
14.1
11.63
16.81
19.67
40.17
17.51
18.53
15.76
11.62
14.62
19.86
27.25
17.4
19.18
15.31
12.81
13.25
27.81
8.57
27.87
14.74
10.15
10.12
16.21
10.6
17.08
26.01
12.31
18.19
12.86
14.92
50.23
21.34
18.1
20.33
14.47
13.09
18.44
16.73
20.85
10.55
11.91
11.35
19.86
14.9
13.94
11.55
17.96
16.46
20.34
17.68
21.53
18.97
11.25
35.38
17.83
13.51
15.82
19.36
19.64
22.1
10.79
18.22
11.82
14.87
13.53
17.96
14
16.55
14.24
20.19
21.22
27.98
9.46
9.75
10.2
13.79
23.91
15.56
13.76
26.07
13.48
21.26
11.22
14.04
15
13.26
17.15
20.09
13.46
43.2
21.91
11.02
8.74
10.51
17.89
13.58
12.55
10.38
20.47
10.29
19.83
12.12
23.05
11.05
14.52
18
13.17
10.38
37.07
9.8
15.22
9.62
20.09
16.67
17.77
46.25
11.86
14.92
19.1
10.37
14.85
13.45
19.03
36.76
8.09
16.34
9.95
12.45
21.32
12.1
17.7
14.48
21.22
11.32
21.36
11.98
10.63
18.09
9.66
39.07
24.32
15.87
11.51
17.54
15.81
19.27
9.31
11.86
16.95
11.3
16.88
10.94
10.82
40.43
14.64
10.76
22.37
15.32
12.69
8.93
11.72
14.51
18.77
13.27
16.66
10.87
9.96
16.28
49.56
20.99
14.96
13.8
14.02
18.51
50.52
9.34
11.45
15.5
17.39
9.7
23.04
14.46
25.17
20.76
13.88
16.44
16.14
14.8
15.39
17.94
17.27
13.44
22.84
18.03
23.05
12.72
14.33
14.42
15.84
43.24
12.21
14.25
16.69
9.5
12.61
12.74
16.03
22.88
11.47
10.09
16.41
13.39
22.65
25.22
26.73
13.59
12.72
14.92
15.37
20.05
21.3
17.89
30.4
11.99
17.88
14.47
15
18.83
20.13
8.58
17.3
20.49
9.84
15.61
17.68
14.73
14.74
17.74
14.71
14.64
13.48
18.84
17.04
19.61
17.83
13.48
9.48
8.18
12.05
45.73
17.96
15.74
9.11
9.91
16.27
9.46
21.08
11.29
15.52
13.99
18.59
22.06
18.56
12.88
38.03
20.68
12.88
10.55
9.54
47.61
40.88
14.42
12.32
13.27
15.2
9.49
23.52
19.83
9
15.41
12.91
10.15
17.99
11.51
13.89
40.07
20.67
14.01
14.14
14.66
17.42
17.38
11.15
19.6
17.54
12.22
18.51
15.78
10.29
11.15
15.05
17.97
13.87
14.21
30.96
11.31
18.59
10.17
24.11
9.82
15.45
16.01
18.23
13.04
19.52
23.54
10.01
21.27
34.93
12.66
16.18
12.88
18.16
11.6
21.87
13.16
38.57
13.69
10.49
19.86
10.12
17.21
18.01
20.74
15.89
12.48
14.2
13.33
11.03
9.48
13.35
50.66
17.58
12.46
10.13
14.24
17.67
17.43
16.59
19.13
18.75
16.76
21.85
16.89
16.91
17.95
28.25
18.16
11.32
13.63
13.54
20.13
12.43
16.41
15.46
15.76
19.48
15.77
20.91
21.92
19.16
23.21
16.69
17.96
9.97
22.96
12.67
13.7
14.52
17.67
51.41
11.16
14.93
17.58
10.47
26.91
11.5
24.02
18.66
19.16
11.05
17.86
10.4
12.53
21.28
20.1
16.09
19.77
17.53
17.09
14.51
43.92
12.12
12.28
17.2
41.46
21.18
12.82
46.3
18.04
20.15
14.43
24.7
19.2
15.76
10.52
12.84
14.52
10.45
13.11
9.85
13.36
14.19
22.82
13.09
11.63
13.24
17.11
15.16
17.17
15.08
10.78
16.37
24.48
19.51
15.1
14.69
15.05
13.48
10.58
18.41
12.08
16.09
16.13
21.56
9.29
21.74
19.38
16.31
18.81
11.34
18.4
11.31
9.33
12.04
18.36
18.54
18.87
14.74
14.26
34.08
8.25
10.64
19.47
19.82
16.45
35.55
22.67
23.62
22.7
16.74
13.43
22.36
13.68
17.64
12.12
12.64
27
8.83
19.68
19.47
16.22
55.03
20.3
15.75
11.24
13.83
22.24
19.42
20.78
16.3
11.16
18.3
19.62
10.64
11.34
23.99
15.58
16.12
29.66
11.45
11.39
15.9
11.28
13
16.07
12.42
20.17
14.58
11.15
11.47
21.91
17.9
14.39
18.8
13.89
19.32
10.85
16.34
22.22
16.77
10.11
29.95
10.38
45.06
13.15
11.64
18.12
17.62
13.88
13.64
13.01
20.04
10.11
18.5
9.33
14.73
25.88
11.41
33.3
11.55
15.21
13.27
24.05
15.87
14.37
11.09
20.9
8.69
11.25
16.1
39.29
22
18.68
12
20.96
16.19
10.15
12.84
15.09
19.31
10.67
11.86
15.35
12.33
14.17
14.88
22.34
13.47
9.08
11.23
10.83
17.4
15.12
39.58
19.39
22.35
12.77
29.69
11.51
10.72
18.21
14.91
16.75
10.55
10.61
16.19
9.45
12.51
14.43
19.35
9.31
16.32
15.17
12.77
16.32
19.94
17.95
14.08
26.06
53.6
17.24
11.73
9.71
11.02
23.57
38.51
11.65
23.87
11.15
10.04
10.94
11.63
14.26
12.16
13.56
10.27
22.6
17.66
13.36
15.82
10.25
14.93
16.68
12.57
20.45
14
12.83
16.06
38
15.46
12.51
16.87
11.8
21.85
23.26
16.3
13.1
25.98
17.98
13.61
8.93
33.91
13.7
38.86
22.59
11.34
17.26
21.06
11.6
14.92
12.73
11.04
16.02
22.78
15.24
19.49
16.61
16.01
20.73
15.77
15.73
22.31
16.75
17.72
13.4
22.44
11.96
23.76
18.31
14.35
16.93
15.94
13.56
8.05
22.1
11.64
19.01
20.68
18.77
16.28
20.29
9.51
18.5
10.21
11.75
21.81
9.82
16.22
12
9.32
23.7
9.13
16.91
17.13
24.22
24.44
20.26
13.15
13.27
12.33
9.8
9.21
13.43
15.85
18.59
21.44
35.66
12.3
11.13
14.97
15
20.04
28.71
19.11
29.77
16.58
9.84
8.91
11.07
14.3
18
9.25
12.84
18.67
18.52
17.32
39.15
19.61
38.21
17.32
17.86
8.92
23.39
14.17
10.51
11.71
20.49
10.05
20.36
18.88
13.83
20.26
37.44
13.6
13.43
11.37
17.21
18.67
11.83
20.85
20.67
16.8
16.92
15.55
13.49
15.17
25.73
17.56
14.2
14.8
14.69
13.65
10.92
25.79
7.73
11.05
17.63
16.92
12.15
24.31
17.44
25.92
31.09
11.3
14.06
13.61
16.14
15.63
13.88
19.71
15.98
16.4
20.7
18.14
18.35
10.15
13.4
14.21
17.34
22.41
19.25
10.75
20.8
20.95
21.18
13.47
10.81
23.43
10.04
22.25
46.08
25.52
14.89
14.14
20.39
13.9
14.74
20.07
14.02
42.84
10.76
13.01
10.82
16.21
16.01
14.61
14.77
17.69
9.37
8.45
13.75
22.56
22.85
21.28
24.15
15.07
15.86
12.71
12.42
16.26
31.93
20.46
13.51
11.8
15.89
18.13
18.71
12.3
8.33
38.91
23.3
14.36
12.49
11.29
12.36
23.7
13.36
17.37
10.25
16.69
17.49
13.93
24.82
10.2
16.84
23.18
24.04
25.49
13.47
13.06
17.68
17.51
14.41
12.96
26.89
11.4
16.83
12.66
11.5
22.08
11.79
11.58
17.74
9.12
19.66
13.14
41.79
13.48
12.67
15.88
14.61
9.21
9.52
10.41
22.09
13.94
16.15
19.86
23.26
23.71
7.78
15.89
16.09
10.8
12.46
10.29
14.21
41.26
24.3
13.25
34.42
19.21
15.65
12.99
16.52
20.08
9.85
13.2
11.51
14.37
15.67
17.03
13.23
14.36
15.3
15.75
13.75
14.53
19.93
10.66
19.37
18.95
16.15
12.91
18.49
9.82
11.28
19.76
22.43
9.07
17.33
10.88
8.94
38.33
21.52
11.99
13.95
18.09
16.82
14.8
11.02
11.94
14.87
21.82
18.61
13.31
20.35
14.05
18.64
14.23
41.68
10.95
13.15
14.86
18.36
13.32
21.19
15.03
14.47
14.8
16.25
14.12
10.5
15.91
16.77
14.79
8.99
14.69
12.25
18.11
29.7
12.73
20.82
16.97
17.07
14.13
13.01
13.6
17.14
22.92
22.14
10.85
17.6
14.52
10.23
15.99
15.58
9.99
18.05
10.01
17.47
22.64
11.78
11.27
13.66
9.51
21.97
26.14
9.73
17.4
19.79
10.85
12.52
14.54
13.23
9.82
12.51
16.48
11.23
13.35
21.06
15.82
13.73
19.79
14.43
18.14
23.14
11.85
27.6
14.03
17.67
17.4
18.37
11.34
9.91
22.52
14.14
17.93
17.77
13.24
12.76
11.78
15.33
21.99
8.81
13.53
16.32
16.16
19.88
37.96
11.04
15.5
20.46
8.09
16.61
16.31
20.18
13.85
15.86
19.66
23.7
12.22
11.76
15.03
36.98
10.71
15.13
9.76
17.98
14.64
10.74
8.89
18.52
9.66
42.22
26.74
14.65
12.88
8.69
18.94
23.28
19.91
13.69
40.26
13.59
15.67
16.71
22.89
16.01
14.42
25.5
17.59
11.39
23.06
12.85
19.42
12.63
11.32
22.31
25.5
14.75
14.38
11.84
17.67
13.73
14.58
11.36
17.78
13.43
17.88
24.86
19.19
15.98
18.34
17.86
14.77
8.6
20.51
9.23
18
11.56
12.7
18.19
11.44
19.07
11.29
15.7
16.54
37.03
13.9
13.78
43.35
11.47
17.23
45.58
15.82
19.46
20.71
12.72
23.11
9.46
14.65
20.55
12.9
12.78
10.66
19.78
16.51
16.52
16.98
18.54
38.15
11.45
13.13
8.87
22.74
34.3
19.99
16.03
43.28
41.47
20.86
14.68
13.74
21.75
45.07
10.24
15.04
17.5
10.26
18.23
13.42
12.52
17.43
12.16
9.33
28.65
20.51
11.24
20.87
10.86
10.27
20.29
44.05
14.95
12.57
9.81
35.08
10.86
16.83
17.61
13.36
19.55
14.71
13.02
19.23
12.17
18.65
15.56
15.58
15.03
11.23
21.17
11.32
15.83
26.84
37.36
20.1
12.42
13.7
11.74
17.64
42.6
21.63
18.69
19.29
10.52
15.81
9.04
20.47
13.25
17.09
16.03
42.46
9.88
15.86
17.6
9.02
28.51
10.21
11.92
15.89
11.87
14.22
12.83
13.73
16.34
23.82
20.03
12.47
15.92
18.05
20.44
16.27
16.32
12.04
23.46
7.93
14.15
8.12
22.37
18.56
18.4
10.76
9.21
15.09
20.47
45.23
25.49
41.44
13.44
16.77
26.73
11.93
10.59
22.42
25.26
16.72
14.45
10.76
19.75
9.71
12.06
22.06
24.26
16.78
14.84
38.22
15.67
11.11
17
16.98
18.45
9.33
12.45
22.21
18.34
8.64
13.8
26.52
18.98
18.88
15.56
10.42
22.56
26.36
18.02
15.24
15.89
10.52
11.09
16.42
19.41
9.86
14.99
13.77
14.09
19.61
13.69
19.51
17.08
11.94
20.61
13.26
22.94
21.15
10.95
12.16
12.78
13.51
47.88
14.34
42.16
17.96
14.27
13.99
14.63
10.47
16.52
11.17
13.91
13.58
16.94
47.42
18.5
18.06
17.14
22.51
14.62
42.81
13.99
9.74
12.02
17.25
15.11
19.91
19.78
17.31
9.12
14.79
16.08
25.24
18.04
17.01
18.6
17.08
11.97
17.69
29.73
15.57
22.7
18.49
18.22
13.25
8.13
18.86
9.53
17.68
15.78
37.13
20.21
17.33
16.58
51.65
12.49
11.26
11.1
45.48
9.03
18.17
11.92
11.53
27.93
15.31
9.82
36.96
14.57
16.67
14.02
12.08
19.19
15.82
17.61
29.39
15.11
18.12
12.21
18.59
12.65
18.15
17.39
19.57
14.07
11.33
12.94
43.21
26.04
12.88
16.4
12.58
17.79
20.11
22.14
16.83
10.18
9.88
19.63
20.08
11.08
9.54
9.9
19.01
25.02
16.19
16.98
12.51
21.56
13.5
13.83
21.8
12.93
15.82
20.23
9.08
15.83
15.4
12.46
13.38
10.3
15.14
10.96
15.43
12.26
10.67
23.69
15.84
13.09
14.07
11.76
18.49
11.04
23.07
11.83
15.63
24.96
11.24
10.85
22.94
10.28
7.7
10.71
15.54
10.54
9.05
14.16
13.09
24.66
22.78
23.19
18.2
13.52
17.76
13.06
11.39
16.25
23.63
15.52
10.84
10.31
14.48
15.54
19.31
11.31
24.5
20.55
12.75
17.41
42.51
13.58
18.75
17.4
14.7
14.79
16.68
19.74
15.67
29.45
12.33
15.68
10.37
10.87
8.82
32.62
12.88
13.34
10.6
12.03
16.81
12.75
11.4
11.75
12.97
17.59
39.47
15.86
15.92
18.76
11.44
41.23
11.49
13.92
13.05
17.32
12.69
11.81
15.41
39.94
13.27
12.33
13.07
9.27
12.19
12.6
15.12
16.47
10.64
13.79
20.96
47.27
24.29
14.19
14.64
16.28
15.77
19.15
12.58
10.55
8.45
21.42
22.64
12.77
35.31
14.81
11.71
16.91
16.93
24.99
29.4
9.65
17.27
9.23
10.53
18.9
11.56
30.65
15.15
21.96
20.6
40.46
14.3
32.27
18.76
13.77
10.7
38.08
9.98
43.1
15.13
19.57
13.51
21.96
23.09
16.83
12.51
14.24
23.86
9.56
12.78
14.52
15.19
12.63
8.43
15.99
10.14
13.04
22.42
9.56
22.49
12.21
27.1
13.9
16.2
17.13
20.1
17.75
17.35
11.38
12.16
7.26
10.38
14.24
38.65
9.43
37.52
16.36
15.52
12.9
12.34
12.41
11.25
21.86
13.77
19.61
26.97
17.36
8.68
17.9
14.43
15.12
12.83
22.68
17.41
22.62
16.22
16.07
13.98
15.73
12.7
45.91
19.96
21.11
27.67
11.78
12.75
46.48
9.28
12.15
10.6
19.78
18.69
14.71
19.09
16.67
15.98
18.09
9.69
14
18.55
11.88
10.65
9.24
11.37
19.51
14.12
13.93
9.16
34.59
41.35
10.47
17.04
13.87
21.89
26.76
24.25
22.01
33.09
19.05
17.15
13.77
16.9
19.35
10.78
15
9.79
16.54
17.61
11.02
12.7
11.18
12.22
13.41
8.04
14.27
11.42
11.83
12.92
20.71
19.92
13.34
14.59
14.83
26.63
11.97
12.22
18.47
13.15
22.46
12.86
8.75
18.74
13.43
11.64
9.28
9.03
9.29
10.82
20.29
14.79
18.15
12.6
11.08
15.98
20.56
16.75
12.92
35.02
13.56
21.01
14.02
16.5
11.78
10.64
13.49
21.57
11.29
13.67
15.19
10.13
12.46
15.6
61.3
18.32
12.2
14.63
11.61
26.01
32.02
14
12.23
8.93
14.63
39.47
16.07
10.04
12.07
11.44
14.77
12.94
16.81
39.94
15.99
20.67
20.12
16.18
16.77
14.44
22.75
22.31
11.39
17.1
12.91
10.86
17.61
15.75
14.84
13.45
9.71
16.76
19.92
12.92
9.77
16.75
15.05
11.92
20.25
9.89
20.19
48.23
24.1
18.01
12.26
14.51
16.14
9.73
8.81
18.26
19.91
20.27
16.55
21.51
18.09
11.24
23.3
18.33
10.59
13.06
10.46
20.85
15.45
14.77
20.67
9.16
19.33
24.17
11.19
13.01
16.33
22.43
10.73
24.8
13.9
11.11
26.99
14.54
9.63
13.69
23.62
32.48
16.15
12.49
10.21
8.94
10.25
26.87
28.29
15.39
8.34
14.61
19.44
16.89
18.15
19.06
17.76
14.75
14.53
15.98
14.35
11.87
18.53
10.77
12.81
9.59
16.23
17.18
13.57
39.7
20.86
12.71
13.51
19.26
14.95
12.63
10.26
10.07
43.01
18.43
14.91
17.15
15.61
13.34
22.21
26.72
15.67
19.43
14.75
19.32
17.3
11.81
15.58
12.78
28.32
11.51
15.77
24.16
20.78
17.55
9.2
12.74
26.64
15.54
8.85
17.48
12.33
12.56
9.88
14.81
9.87
23.23
17.33
20.05
9.12
19.69
25.43
25.01
15.78
10.36
12.68
17.56
22.76
16.06
13.47
15.08
12.58
13.36
14.2
19.98
13.12
13.83
17.51
19.23
17.39
13.42
17.21
9
10.78
41.1
16.56
14.85
16.08
10.62
12.22
18.98
26.22
13.31
14.14
21.89
7.47
17.78
12.88
15.3
14.02
15.29
22.86
15.52
10.4
14.67
37.14
18.91
13.99
15.81
14.01
11.19
11.45
11.94
10.4
13.16
19.47
16.57
17.06
12.01
33.09
15.12
17.17
23.14
15.61
17.58
16.02
23.35
19.97
17.93
17.31
10.8
17.01
21.26
18.74
10.55
13.02
18.73
12.89
22.23
35.52
16.6
16.27
16.14
22.71
10.79
13.31
21.26
17.69
14.42
15.01
11.95
24.96
17.74
14.79
10.53
14.3
16.48
17.24
21.45
23.21
15.94
29
12.03
27.91
11.11
29.19
22.73
26.52
14.14
11.02
41.52
20.03
22.8
40.02
16.14
23.03
10.2
22.15
17.04
14.5
37.78
14.75
21.23
23.68
15.69
14.22
20.94
15.07
10.92
13.36
11.1
12.63
10.73
16.15
28.8
25.4
9.71
16.61
11.5
14.65
16.17
29.82
12.65
16.91
22.63
18.79
15.77
12.64
11.92
16.59
17.11
13.4
18.65
22.27
15.17
11.97
17.33
20.11
12.88
12.94
15.01
22.38
15.15
15.59
17.97
19.52
12.19
11.43
17.65
19.58
15.89
19.17
18.35
17.53
28.41
10.32
19.03
14.91
50.62
17.14
15.57
24.41
14.16
15.45
24.95
11.52
24.11
21.77
10.13
12.4
9.25
14.3
14.01
10.21
19.19
10.69
13.87
12.49
13.26
15.82
19.93
10.2
10.85
12.54
9.05
13.9
16.95
15.24
22.43
18.04
16.99
12.01
14.17
15.67
30.22
13.56
18.32
17.54
26.74
23.16
13.61
11.33
13.56
11.65
12.3
19.44
11.53
18.91
16.85
17.74
16.4
20.38
28.71
16.92
9.45
15.55
15.36
14.15
17.44
19.22
16.83
20.06
8.79
17.65
12.46
18.23
14.19
15.88
14.6
18.69
9.84
17.76
10.35
11.94
11.11
51.28
29.05
18.23
14.56
18.86
15.32
12.28
15.87
46.74
13.98
18.79
22.26
18.58
19.32
18.91
17.09
13.54
34.51
19.55
19.42
20.03
9.27
46.01
16.83
14.6
10.75
16.12
27.31
12.47
16.39
10.3
16.76
11.63
10.46
17.74
14.77
13.27
22.46
17.87
17.81
8.51
9.72
13.07
18.13
19.53
25.27
38.13
10.33
13.77
15.96
12.46
10.88
12.21
17.43
10.54
20.96
18.4
21.63
12.63
62.84
15.62
21.55
20
15.4
14.71
21.72
24.83
20.47
10.21
9.47
25.13
18.82
15.71
19.13
13.69
20.73
17.27
16.25
27.26
19.07
18.34
12.79
20.98
13.06
20.4
14.64
43.56
14.16
15.95
23.54
14.2
15.94
17.08
16.47
16.58
18.14
13.21
13.77
16.4
22.18
16.88
24.17
44.49
14.4
18.02
13.72
14.47
21.07
24.16
43.29
9.96
38.57
9.67
11.05
47.77
16.1
19.13
11.33
12.19
39.27
16.13
15.36
13.45
18.72
15.91
14.82
26.81
10.18
17.84
10.2
10.71
18.45
14.69
8.28
14.56
19.94
23.48
15.02
21.09
12.07
16.29
12.46
15.71
18.95
17.31
13.47
11.68
21.48
11.1
13.73
20.31
9.7
15.35
20.33
25.84
14.89
18.3
16.55
12.76
13.11
37.44
11.8
12.77
10.23
14.34
24.86
11.12
10.57
16.64
18.33
17.13
22.89
16.38
10.15
29.33
17.44
14.28
11.59
10.74
13.5
24.18
12.14
14.09
47.43
11.66
15.25
16.08
13.29
10.06
23.06
20.58
13.51
12.13
12.25
10.92
15.17
15.48
13.64
12.01
15.67
13.14
23.82
32.34
11.92
15.68
11.48
18.47
46.72
18.14
17.61
15.13
14.9
14.28
10.74
10.85
22.31
20.83
18.86
11.29
13.94
11.67
11.02
15.59
18.92
46.09
19.28
23.33
12.18
13.57
32.54
10.86
13.31
20.79
11.7
24.08
16.84
19.35
12.82
13.19
14.61
14.41
22.98
13.71
36.22
22.81
22.95
7.58
15.2
13.11
12.86
9.94
36.87
25.19
13.1
8.02
18.55
8.88
8.2
41.32
12.43
19.6
18.63
11.79
11
18.61
23.26
24.47
17.34
21.77
16.73
14.7
21.71
18.85
20.51
10.27
19.39
19.15
14.58
13.73
13.5
9.97
15.34
8.76
22.62
13.16
15.41
15.81
20.19
11.78
19.85
13.06
16.48
25.37
15.41
16.59
15.68
13.28
13.16
27.3
20.28
25.55
13.92
17.63
7.27
19.24
13.95
11.12
12.02
45.15
13.09
12.53
16.81
8.73
15.04
42.2
32.09
12.93
20.7
11.71
16.03
21.06
12.8
16.48
13.18
21.29
17.18
10.11
27.56
28.15
8.85
13.57
10.68
14.03
35.42
21.09
22.82
22.13
12.41
10.93
13.28
8.86
14.53
14.88
10.55
18.06
8.77
14.98
15.5
9.4
20.66
19.56
36.96
11.41
22.73
16.97
26.97
16.5
40.47
19.42
16.24
13.7
13.96
13.82
25.01
18.69
14.1
13.61
38.79
10.26
22.4
10.07
11.25
12.53
25.68
13.21
11.91
18.9
18.68
47.53
12.25
23.76
18.04
12.51
13.58
10.12
13.83
18.21
14.84
23.56
12.57
10.69
28.6
24.4
10.76
13.73
14.38
21.81
9.69
14.29
12.97
8.69
40.69
19.37
13.65
14.19
23.44
17.24
13.38
39.15
26.98
14.28
18.62
14.27
8.62
17.29
7.82
16.83
25.65
17.75
8.87
15.09
12.86
18.06
27.81
16.33
17.85
12.37
32.64
18.56
14.11
15.07
8.86
13.58
10.3
11.01
37.43
8.86
26.17
21.85
16.33
24.2
18.94
36.6
12.41
18.79
14.24
10.73
11.33
9.45
10.1
12.83
15.93
9.48
9.94
21.84
12.24
11.48
15.32
17.44
16.85
14.81
12.03
15.65
18.75
16.96
25.7
15.35
19.21
23
12.66
10.93
12.95
17.44
20.49
16.64
11.34
11.95
34.03
15.22
16.49
13.76
14.25
39.7
11.26
17.12
15.81
17.62
16.59
14.55
22.38
14.57
10.72
15.76
18.05
39.44
12.36
17.62
9.65
11.92
8.35
9.2
9.65
12.18
14.57
15.25
15.54
15.8
18.76
10.03
24.85
40.06
13.66
7.58
19.99
12.38
11.48
24.92
16.92
24.01
18.53
16
18.77
10.36
11.09
9.78
15.82
8.63
9.1
14.7
10.5
29.05
14.22
15.85
42.22
15.11
17.29
15.12
42.43
17.08
19.9
19.83
11.26
19.02
12.35
9.89
20.35
9.18
17.96
13.96
15.47
10.85
16.27
9.35
18.57
18.8
12.63
14.98
17.11
11.9
13.98
10
13.47
19.66
14.2
26.07
11.12
15.5
34.75
14.74
19.55
13.29
15.39
18.78
19.88
11.63
40.96
16.88
7.68
17.97
14.09
12.78
7.74
16.58
12.45
20.28
10.59
15.13
21.42
11.6
39.73
42.62
11.8
13.19
17.84
9.59
16.55
11.58
22.97
20.13
11.48
19.17
15.85
12.34
15.77
14.34
15.67
9.44
12.87
15.43
15.56
13.1
12.17
8.32
8.89
44.83
43.11
42.35
12.22
19.9
47.77
15.36
12.56
14.68
13.87
16.97
19.46
19
13.82
13.13
16.59
12.64
13.55
13.93
12.87
15.14
13.25
14.2
37.34
19.77
11.13
22.17
34.44
10.02
16.76
31.74
12.7
19.96
18.01
16.17
11.24
18.55
14.39
11
11.89
39.98
21.58
9.42
9.59
12.68
14.62
11.07
15.94
23.97
15.28
12.85
12.17
20.61
19.13
18.39
17.62
12.37
12.23
12.9
13.35
17.6
16.74
17.23
13.02
15.53
15.63
13.9
10.36
15.5
10.91
22.13
12.8
11.79
13.26
25.98
13.48
15.47
12.97
10.56
37.33
18.21
14.03
17.53
12.64
18.14
18.41
20.95
25.43
15.74
18.52
22.72
16.49
13.86
13.1
15.47
13.24
26.81
23.73
12.36
21.91
19.99
18.44
11.03
16.44
13.88
20.07
17.54
42.92
16.69
17.22
26.07
15.65
16.97
15.86
17.39
25.93
10.23
17.73
11.49
26.52
18.89
16.84
41.47
13.03
12.61
17.51
11.48
22.45
23.81
14.17
7.75
11.63
18.3
11.2
17.11
21.58
15.76
19.26
14.85
17.05
10.62
14.69
19.61
14.02
43.42
11.71
19.56
14.65
15.02
13.76
24.73
15.17
21.39
23.54
21.61
10.99
11.72
11.09
12.55
17.87
7.52
16.77
20.89
13.26
18.69
24.44
16.67
12.43
21.47
16.87
11.2
15.94
16.79
15.27
15.59
11.92
16.78
12.24
19.68
28.86
17.93
21.98
8.77
9.09
19.12
19.21
13.21
17.21
17.35
10.54
17.64
14.2
14.28
13.79
15.65
48.88
14.29
12.4
16.39
10.52
11.51
19.09
19.47
32.76
11.47
13.72
8.55
11.99
10.94
11.49
36.87
16.56
12.53
12.55
22.38
10.96
16.91
11.22
10.31
17.13
23.97
18.09
22.93
11.42
14.87
16.32
19.87
12.03
15.09
15.69
12.86
19.3
21.43
29.18
18.59
19.97
15.19
12.69
21.34
9.97
16.09
15.26
12.21
15.37
16.55
17.67
26.2
13.27
11.87
14
12.26
10.01
13.85
16.48
16.99
15.23
19.48
15.99
15.6
20.82
17.11
28.86
9.17
18.73
13.31
23.47
8.58
15.54
8.39
22.85
18.58
45.32
22.6
10.17
14.07
8.79
12.76
18.27
13.12
14.05
17.67
11.21
16.4
15.29
20.67
18.74
11.7
29.3
10.67
10.22
12.19
13.95
14.07
17.43
13.23
11.12
13.95
20.58
15.66
14.59
26.15
20.4
12.77
26.89
10.18
22.24
10.2
20.16
18.38
12.77
36.01
10
18.8
11.13
14.2
22.17
18
14.53
14.35
30.86
29.18
10.83
16.49
15.07
9.31
13.02
17.27
11.5
13.46
12.96
12.13
22.28
13.56
13.44
19.75
17.73
40.18
15.88
20.79
12.85
20.05
14.25
16.05
11.94
20.97
16.78
14.2
12.45
18.15
14.56
9.44
11.14
14.75
10.44
12.72
58.39
14
8
12.44
14.68
15.11
18.65
17.84
13.15
15.93
16.56
17.85
17.38
27.74
12.26
16.43
17.6
11.22
16.87
22.34
14.28
9.7
38.78
13.63
20.83
13.97
11.7
12.65
15.66
19.58
14.43
14.25
15.37
11.6
13.62
15.68
15.37
10.59
19.46
10.99
17.28
11.36
28.17
20.79
15.54
12.63
13.64
15.01
15.41
15.47
9.08
13.01
15.01
16.62
10.81
9.57
19.78
12.12
22.4
20.55
14.78
17.78
12.61
11.41
13.73
19.01
18.81
20.75
16.41
16.57
16.51
37.84
14.9
17.25
8.3
16.72
11.45
12.58
17.22
14.38
15.89
9.54
10.18
38.74
13.47
21.2
16.3
13.24
20.78
12.8
18.34
17.28
13.95
17.71
19.04
13.32
13.05
21.32
18.55
13.53
17.33
16.94
41.9
9.27
11.8
16.56
12.88
9.61
21.8
15.48
42.11
18.13
45.95
13.25
28.3
20.86
10.97
16.75
20.31
15.55
11.21
11.87
14.27
19.59
12.33
12.41
17.95
14.6
8.84
11.75
13.69
22.61
10.27
15.38
14.51
10.63
14.7
24.71
16.39
20.26
10.68
16.38
40.98
14.18
20.88
16.25
14.35
10.53
14.48
19.07
12
26.65
15.06
15.18
15.28
17.21
17.38
18.69
17.92
15.34
19.48
12.89
16.08
12.77
14.33
12.97
17.31
13.58
13.99
12.85
12.11
30.44
13.77
12.96
17.49
16.66
23.53
15.15
11.02
22.79
15.24
9.73
16.13
10.43
29.59
12.12
19.07
10.77
37.66
16.52
24.52
11.86
14.13
19.98
17.09
11.94
14.86
19.15
17.19
12.78
22.35
13.04
13.43
12.29
25.5
20.07
23.29
18.7
18.74
14.45
16.63
14.12
11.88
17.29
17.34
12.89
9.36
10.99
16.59
30.47
15.13
20.66
8.81
15.74
11.84
14.37
18.3
21.24
23.56
18.99
13.37
16.5
11.39
15.78
14.03
23.56
23.11
11.6
19.54
10.7
14.53
19.03
45.14
21.88
20.34
24.01
15.17
13.39
13.63
13.35
15.27
38.63
18.75
15.28
13.45
10.21
9.91
19.21
32.97
8.82
44.47
10.33
8.18
22.66
10.64
22.56
10.31
10.57
16.49
20.03
19.72
15.23
11.13
12.55
13.66
10.7
20.28
24.78
13.98
25.91
22.48
11.92
12.17
16.72
11.95
15.65
13.72
20.65
15.61
11.88
14.12
11.56
17.99
14.43
16.48
39.69
9.17
11.07
12.9
12.79
14.86
23.54
11.84
28.22
19.71
15.94
9.97
16.3
18.99
23.15
19.5
20.09
12.44
10.13
18.69
18.28
13.75
15.76
15.38
14.24
39.17
10.9
14.74
13.83
12.14
10
11.16
22.2
12.4
12.18
17.05
12.97
43.03
15.09
15.72
15.52
17.14
15.63
10.87
21.76
36.14
11.34
17.95
44.3
28.44
27.15
21.77
20.61
22.9
18.96
24.3
41.28
19.17
15.44
14.96
17.86
37.36
22.87
24.92
12.87
10.48
13.24
22.76
38.39
12.44
13.75
26.04
17.41
16.01
9.28
12.35
9.61
20.18
15.75
13.29
23.32
27.08
12.19
16.92
18.18
15.23
26.43
12.83
10.96
10.37
8.48
15.04
9.63
11.85
8.26
10.31
11.43
25.43
14.68
19.88
8.15
18.35
17.85
9.63
26.31
11.98
23.1
41.72
13.18
48.54
9.69
15.15
28.69
16.07
12.32
16.96
12.2
15.89
11.06
17.38
9.57
12.14
13.95
14.25
32.87
10.75
19.74
12.16
17.03
14.38
17.94
12.23
12.56
14.32
9.22
16.42
10.35
9.03
22.79
18.04
12.24
10.55
13.1
40.51
20.22
16.62
17.6
20.27
26.7
8.36
20.16
15.91
12.98
18.18
21.35
16.28
26.84
14.78
15.11
25.71
16.87
26.5
9.85
14.67
11.03
37.06
18.56
11.81
29.53
15.38
16.7
14.09
16.63
15.89
14.74
10.28
9.34
18.29
19.17
14.22
21.58
10.93
28.51
16.89
15.28
14.78
13.72
19.64
14.52
29.45
7.89
18.94
20.38
18.34
22.63
45.15
17.21
16.92
18.39
8.08
16.49
18.04
12.59
11.33
35.5
15.68
12.46
14.41
18.51
20.73
9.17
20.75
40.94
9.25
14.26
11.72
9.81
25.42
12.9
12.07
11.66
15.76
13.24
20.04
21.6
17.15
20.7
23.72
21.23
8.86
8.63
8.17
14.1
8.57
14.1
16.36
17.39
13.49
11.68
12.69
16.03
16.71
51.31
21.96
8.86
12.09
13.56
41.58
14.69
15.49
16.15
11.97
11.47
13.6
11.16
9.44
16.15
19.34
19.87
37.17
21.91
18.35
17.08
18.44
39.54
11.13
12.37
11.52
10.21
10.57
14.93
13.41
13.47
10.72
13.15
16.78
12.46
13.72
16.11
13.39
15.89
20.89
35
15.56
17.99
19.37
13.56
15.3
17.75
10.21
16.2
9.12
9.71
20.43
15.08
22.1
14.67
21.01
13.39
15.81
9.38
23.64
17.98
14.33
14.24
25.59
15.41
32
9.21
13.92
14.41
10.26
12.98
12.42
42.06
19.02
9.72
19.57
11.72
10.94
15.55
13.86
8.68
13.2
11.38
47.83
12.79
11.21
11.08
14.6
20.79
12.45
17.26
9.64
19.86
22.39
12.02
18.61
24.82
13.28
20.21
21.64
15.86
10.85
13.94
45.81
27.37
41.54
17.04
16.45
12.47
16.81
14.91
16.63
14.23
14.75
17.21
18.79
17.12
22.75
12.13
14.04
9.9
14.58
43.94
11.56
10.96
16.65
12.58
14.54
22.68
11.73
19.54
12.27
28.72
13.96
17.72
21.68
30.44
9.9
21.37
7.25
9.43
16.45
22.58
18.46
15.74
18.97
11.74
17.74
10.19
16.43
14.97
26.52
16.12
16.27
19.65
12.98
18.75
8.54
14.94
19.32
12.62
12.41
25.83
11.92
10.15
17.28
20.49
24.08
18.29
16.49
11.26
13.74
14.9
13.19
15.79
13.01
12.13
11.4
14.73
11.79
18.95
43.35
14
16.85
15.4
23.04
16.6
12.88
21.63
18.12
13.27
17.08
16.82
12.41
29.29
17.68
14.83
20.88
11.05
13.19
12.11
13.1
23.14
43
17.67
21.76
16.43
9.66
18.74
18.94
23.87
24.09
15.62
16.31
20.62
18.94
22.49
18.33
15.21
18.5
9.99
12.7
21.53
15.4
14.56
13.7
22.05
18.71
10.07
13.59
9.04
17.75
9.37
18.12
20.89
19.43
19.43
17.15
12.87
9.31
12.2
9.44
14.44
12.39
15.95
12.74
14.1
10.8
18.13
21.77
16.55
14.02
12.68
12.14
15.84
37.14
12.29
21.33
9.63
13.28
15.05
10.79
17.73
10.12
16.9
43.49
42.36
7.11
15.83
27.58
22.23
14.52
9.76
41.47
13.21
14.86
15.72
10.66
14.59
16.25
9.61
17.84
13.83
30.61
38.7
20.83
20.77
11.09
31.6
7.85
37.13
12
9
19.69
13.72
9.52
9.9
10.54
19.69
12.12
11.32
18.56
25.81
17.57
10.7
10.07
15.63
23.71
24.03
12.78
18.5
22.89
11.15
12.84
13.12
23.54
16.36
10.16
20.85
41.3
23.76
15.16
27.43
16.69
11.74
12.09
11.39
15.52
38.77
25.85
24.29
15.84
12.9
12.9
10.13
9.97
15.25
12.78
17.65
15.84
42.05
11.45
19.19
20.12
9.88
12.92
17.57
39.95
12.48
13.31
25.02
16.36
29.01
18.92
38.02
40.3
39.85
27.32
19.02
17.45
11.69
28.39
12.66
7.65
17.36
13.68
14.18
10.87
11.35
18.89
9.51
9.3
38.21
18.6
15.51
11.69
17.57
26.96
26.25
13.04
18.57
44.43
18.9
18.27
12.3
18.32
22.89
13.39
8.76
23.74
15.71
9.62
28.35
26.3
14.83
25.4
14.4
15.27
16.7
15.12
11.39
18.78
14.36
9.23
29.91
9.04
16.88
9.96
12.31
28.92
13.58
16.08
10.06
18.33
9.24
10.05
21.4
13.48
14.21
26.96
10.42
10.52
29.7
10.55
21.78
13.13
23.22
13.71
18.68
16.23
21.94
9.31
14.78
18.23
17.91
14.38
18.96
16.07
12.23
19.14
13.86
21.02
11.23
14.59
17.67
9.89
11.87
41.99
13.5
16.68
25.4
12.31
18
16.3
19.23
8.43
12.75
44.5
17.24
18.64
19.37
12.24
11.05
17.36
23.58
18.01
23.26
17.85
15.64
13.05
45.72
12.59
12.79
27.4
13.07
16.3
8.96
17.46
19.89
14.94
13.23
24.71
20.6
15.24
17.81
12.49
12.36
15.75
16.66
15.45
12.95
13.7
13.3
12.61
18.68
19.56
10.57
10.76
15.06
17.08
21.95
11.76
16.81
17.86
18.66
12.37
20.49
10.19
23.08
25.58
10.8
17.81
44.81
9.38
24.81
12.91
13.63
37.31
10.61
20.33
16.05
14.07
44.27
15.7
13.67
18.93
9.53
15.65
27.95
15.19
22.37
13.93
27.68
35.1
16.49
44.39
10.1
18.51
11.69
15.06
22.43
11.75
17.83
20.17
30.13
42.9
21.25
22.57
19.34
19.1
11
14.98
12.33
17.49
21.66
36.91
10.15
10.86
15.38
18.71
17.18
30.85
12.89
11.34
16.24
12.61
17.4
19.02
13.27
14.85
11.69
39.83
36.43
13.33
19.09
16.97
22.59
22.95
12.23
19.25
17.4
9.82
19.36
16.51
8.75
18.15
15.26
27.84
16
11.72
54.7
11.21
14.48
12.75
11.52
15.97
14.54
34.28
14.73
23.2
30.64
10.36
15.62
12.45
20.71
11.8
12.3
18.59
17.34
8.17
15.79
20.64
14.03
11.06
15.69
18.82
17.9
17.14
35.53
16.2
11.35
11.12
16.31
18.59
10.78
16.79
15.5
25.04
11.21
16.88
18.11
16.75
15.38
24.06
12.79
18.1
13.81
13.01
15.43
15.7
17.8
15.01
11.83
22.5
18.8
27.63
20.89
12.4
16.99
11.26
16.04
15.56
12.57
18.45
17.74
14.55
45.13
12.77
10.64
19.94
15.91
14.62
12.29
21.13
15.35
16.19
29.77
9.61
9.28
23.14
12.61
12.88
18.06
9.05
18.24
18.41
13.92
26.28
10.78
14.88
24.16
15.65
9.87
25.49
19.7
11.42
11.5
17.57
10.71
7.54
19.24
17.2
12.96
11.91
12.68
46.64
14.51
12.14
18.4
20.62
19.26
20.54
12.32
14.64
17.05
18.41
20.64
17.58
10.9
22.58
12.92
13.27
8.77
11.5
11.09
16.11
16.14
9.12
12.43
18.48
13.19
13.8
19.09
11.8
19.74
13.06
12.45
21.45
12.69
11.59
9.13
11.76
15.96
13.38
11.19
7.75
40.83
14.71
19.56
17.02
29.69
16.27
37.56
20.53
15.23
10.77
17.69
16.38
15.94
13.86
19.96
16.22
12.86
16.42
15.49
14.91
21.97
22.17
36.06
22.95
19.02
14.95
23.94
10.75
45.27
18.94
8.31
22.82
14.08
12.3
11.96
13.09
11.88
16.5
17.18
16.03
15.86
17.31
10.78
14.11
10.62
24.68
9.71
15.61
14.51
11.39
10.79
40.89
11.47
13.08
12.47
19.07
9.04
40.9
10.83
13.92
35.18
23.73
17.59
19.05
12.42
16.2
17.23
15.38
31.22
16.18
11.27
13.19
23.65
19.47
15.15
21.76
26.48
20.09
15.02
46.95
12.97
11.03
16.34
12.77
7.56
13.24
10.9
11.91
16.42
22.49
17.99
14.88
15.31
10.63
15.76
23.25
14.41
20.37
23.68
19.01
18.46
11.51
18.02
10
11.56
10.28
11.62
12.67
9.6
19.82
18.07
15.76
11.22
12.83
13.02
18.54
11.61
14.4
13.68
51.65
33.87
13.19
20.3
37.2
8.8
14.64
21.13
44.49
8.22
13.69
12.88
12.36
17.18
19.87
15.28
12.61
11.06
17.03
13.46
16.51
17.67
8.75
20.99
17.31
30.11
13.68
12.46
50.44
19.43
11.08
13.11
13.59
21.45
16.56
18.34
17.12
17.51
25.83
40.5
13.89
11.09
12.69
32.36
11.64
18.69
8.26
18.88
13.62
18.32
10.45
13.58
7.75
22.07
20.17
25.58
11.39
15.56
12.37
14.84
21.09
22.09
14.5
24.9
17.27
18.5
15.68
10.8
29.17
24.64
11.79
9.67
15.86
12.52
23.21
17.33
14.46
17.98
14.43
15.61
16.91
20.9
11.87
17.37
14.8
17.54
11.73
9.88
16.54
19.69
16.29
41.05
10.09
19.02
13.22
15.76
15.05
12.05
18.18
11.92
20.06
17.33
18.19
13.81
13.39
17.07
13.19
16.21
16.06
13.89
10.76
16.32
16.53
11.11
11.27
14.01
10.83
14.23
18.85
11.22
24.02
13.52
28.7
14.07
14.3
21.94
14.39
14.5
12.54
17.45
8.81
13.66
15.43
12.18
16.09
14.8
15.23
19.05
12.65
18.68
8.96
15.56
14.43
14.15
13.72
15.07
15.75
10.43
9.33
20.04
15.4
23.93
19.46
16.95
24.27
11.64
12.43
10.01
19.79
13.75
15.94
14.03
15
16.3
14.14
16.94
11.42
15.78
18.51
12.96
41.35
13.99
13.46
11.59
38.64
17.48
13.86
14.55
23.52
41.52
14.88
19.74
13.71
12.92
16.88
11.15
12.83
19.66
17.52
17.39
15.53
17.85
10.92
11.71
17.12
25.31
17.98
12.77
14.05
14.53
18.85
22.22
20.61
11.82
17.42
12.8
16.56
11.84
22.9
13.64
18.43
14.57
26.35
13.4
13.57
15.56
11.72
21.38
21.19
11.42
16.45
39.39
16.33
22.04
48.34
19.45
43.75
15.01
13.3
15.02
17.1
14.6
21.33
15.94
12.57
10.08
11.29
14.01
14.46
12.92
15.9
11.33
14.32
16.32
13.06
14.84
12.36
10.53
17.85
11.51
20.07
19.31
20.61
19.95
17.58
18.31
12.74
24.34
11
17.07
26.11
27.45
14
16.6
18.13
16.14
13.7
17.27
19.49
26.39
16.58
19.67
13.91
19.83
40.32
10.61
10.63
21.41
19.78
17.36
12.47
15.25
24.44
16.14
18.97
17.55
16.78
10.57
25.95
10.28
21.04
15.34
8.61
9.27
14.88
20.26
21.48
18.81
12.57
12.04
22.84
31.8
16.99
17.95
19.2
10.84
17.02
18.18
15.49
16.02
15.43
11.01
20.27
16.38
13.6
47.26
14
22.44
15.28
10.09
15.75
19.38
11.14
9.31
12.56
11.77
24.36
23.02
25.29
19.33
14.3
42.71
12.17
13.07
15.49
16.38
43.44
17.9
13.16
16.09
13.44
12.32
20.74
10.48
18.37
18.06
11.22
14.37
9.09
8.84
10.12
13.13
11.96
23.17
11.92
17.4
16.71
10.49
11.12
13.1
11.56
19.65
24.09
21.13
9.33
15.34
20.06
10.54
11.95
10.2
10.31
17.65
15.22
17.57
16.14
17.01
13.3
9.49
16.21
9.78
10.44
14.61
21.81
13.5
9.93
41.88
16.2
12.54
19.04
15.14
14.46
15.4
18.03
18.15
14.88
15.72
17.27
20.41
11.77
15.82
12.14
11.17
26.25
16.88
18.48
11.49
38.91
36.35
18.91
19.71
15.15
10.3
40.69
9.92
17.29
16.38
18.45
12.95
27.94
14.26
12.33
13.92
22.87
19.81
19.29
17.08
13.26
13.86
13.52
16.81
14.92
18.67
16.58
13.8
18.83
17.55
20.77
17.19
19.72
26.99
15
17.04
28.19
13.89
18.26
19.94
15.84
12.37
16.88
14.09
21.95
11.14
11.14
18.39
21.46
13.64
20.34
17.33
36.98
20.17
12.13
18.04
10.16
10.35
18.58
16.56
12.18
15.12
40.75
16.83
18.27
11.45
10.03
9.28
36
21.71
18.66
9.09
23.17
40.54
9.9
13.08
13.82
19.03
20.39
36.43
16.43
37.95
8.81
11.81
26.46
18.62
22.17
12.06
11.01
10.57
24.46
13.94
9.96
16.88
16.12
10.96
18.84
19.45
17.32
19.14
8.66
25.63
10.26
7.12
39.03
10.35
9.94
11.67
11.75
9.93
44.22
9.61
15.86
23.29
14.33
14.09
23.6
11.77
13.26
18
12.97
13.73
15.91
17.74
18.83
9.72
17.11
13.33
14.87
12.62
18.32
10.78
42.45
14.89
13.69
25.66
44.87
13.25
12.42
16.13
11.25
15.93
18.71
25.05
16.64
14.19
12.78
11.89
11.27
21.27
7.93
19.08
37.65
15.35
14.29
21.91
14.06
13.23
8.66
31.75
13.68
15.28
17.92
14.13
21.33
10.36
15.29
20.14
9.87
9.6
12.45
33.53
10.07
18.29
21.01
12.08
13.23
19.18
15.95
41.5
18.46
12.36
14.19
10.14
23.3
13.85
19.35
18.04
27.57
15.87
13.24
15.89
21.19
20.66
13.21
13.38
14.23
10.28
16.62
19.32
21.63
15.4
16.2
26.17
14.82
14.38
27.54
17.67
9.49
13.6
12.57
12.2
20.01
13.08
13.34
13.25
17.19
23.8
18.91
16.42
24.14
9.84
22.32
15.81
23.96
9.36
18.27
10.16
8.9
21.23
20.72
13.97
11.83
8.79
14.52
18.66
12.18
11.59
15.71
15.68
18.32
19.84
17.53
14.55
24.71
19.8
12.7
10.43
17.69
24.17
18.75
14.68
17.47
18.76
17.64
15.61
10.39
12.89
8.6
9.25
22.41
18.15
27.13
14.94
16.71
11.99
13.55
12.43
13.31
12.09
12.29
15.69
10.44
13.73
9.45
21.72
17.91
16.4
9.16
10.29
10.27
10.64
19.87
11.16
11.24
21.12
14.81
13.46
22.96
12.25
11.42
18.86
23.58
11.45
13.37
23.92
12.95
44.97
17.48
8.31
16.22
9.4
21.88
12.73
14.44
10.8
24.08
13.72
16.45
14.75
16.53
11.55
38.07
29.83
18.16
16.7
14.26
13.66
12.9
33.83
14.36
11.66
14.37
9.45
31.24
18.13
10.89
28.24
20.63
21.47
10.35
10.49
19.12
43.96
15.72
16.44
14.43
10.48
18
44.57
10.27
45.12
42.49
12.98
17.36
19.57
8.78
15.2
23.42
30.32
19.53
41.33
18.59
12.19
20.58
19.2
26.91
12.31
26.45
18.84
23.54
18.13
16.28
20.8
15.99
17.01
17.4
18.65
18.28
15.06
12.24
17.43
21.89
8.76
14.71
15.83
15.54
17.29
11.34
15.75
15.17
14.6
19.52
11.39
11.82
17.66
20.12
16.22
15.98
17.48
18.54
12.01
8.31
16.55
25.31
13.72
11.91
38.25
15.95
14.26
20.77
33.39
16.5
13.44
40.39
14.57
10.88
17.83
22.01
26.57
16.25
8.53
21.94
20.28
16.95
9.67
20.66
13.64
20.22
14.89
11.32
18.19
17.32
15.94
13.33
13.26
13.16
18.25
9.54
20
36.35
19.75
18.49
47.98
11.56
14
26.17
24.64
19.55
20.23
15.63
13.61
22.34
10.76
15.45
40.01
15.2
10.38
11.7
11.29
10.44
40.89
21.45
11.09
15.93
14.03
16.11
12.38
17.29
21.46
16.75
33.15
29.53
6.85
25.94
11.83
15.22
13.3
42.17
22.91
19.63
20.61
12.42
22.87
14.67
10.18
10.13
15.79
22.15
15.58
14.06
15.52
21.37
15.09
21.26
14.31
14.28
18.92
15.84
20.74
23.22
8.97
13.43
13.07
16.96
17.44
14.76
11.21
16.49
16.17
12.39
11.75
15.68
22.6
11.72
11.66
17.71
14.82
16.33
11.96
13.69
32.19
15.83
14.71
13.67
24.48
17.05
42.81
23.96
16.15
18.48
20.55
13.86
10.84
14.51
36.77
45.41
15.25
22.19
22.04
16.17
46.26
9.92
24.91
13.49
26.02
19.23
14.59
25.77
19.52
10.9
19
18.19
15.87
17.3
16.75
11.38
12.06
11.27
15.84
14.99
10.62
13.37
13.63
15.73
45.74
45.39
11.23
16.3
13.09
12.68
21.69
15.82
10.62
21.71
14.55
11.43
10.51
11.33
8.66
18.5
18.88
28.08
13.2
11.26
21.74
24.44
11.39
8.21
16.06
18.09
17.36
25.18
11.03
11.25
16.68
12.05
21.66
7.78
47.56
17.11
10.28
7.46
10.18
15.55
19.06
20.71
16.22
19.02
13.91
18.7
17.79
11.24
16.52
10.15
11.39
19
21.41
10.44
15.03
14.11
10.85
17.18
18.05
18.38
12.56
8.21
19.21
21.54
15.64
13.59
11.6
13.85
22.53
40
20.33
20.96
23.39
20.9
10.31
24.04
19.14
22.95
22.03
16.92
42.07
13.75
26.03
13.37
10.63
8.86
20.16
15.92
11.7
38.31
9.01
18.13
11.34
21.32
38.9
10.58
10.14
13.27
18.81
11.29
24.19
8.5
17.67
18.69
22.31
9.49
20.57
10.18
19
24.79
11.84
21.17
19.75
16.2
15.85
12.71
17.66
19.58
14.38
19.08
20.54
9.51
18.37
21.05
11.63
19.96
11.91
12.19
20.07
9.94
13.81
16.68
26.07
16.86
32.17
12.21
23.56
40.36
14.03
16.46
43.17
17.5
19.62
12.75
39.04
9.15
16.88
33.3
19.34
14.33
11.66
17.93
17.63
11.55
15.34
25.37
18.25
11.76
26.23
9.73
16.8
14.5
46
24.81
30.65
12.29
14.27
48.04
11.2
18.12
13.79
13.55
14.02
13.57
17.44
16.62
17.88
15.38
9.38
17.58
14.99
19.6
19.56
14.99
37.67
15.96
17.73
9.65
16.82
10.32
15.21
19.24
10.63
9.28
17.87
13.16
12.2
31.72
19.93
18.47
10.64
16.87
15.39
14.61
8.17
19.35
14.45
18.91
26.25
40.77
19.38
48
19.75
12.31
12.73
11.12
18.82
14.34
19
10.57
12.07
15.93
11.24
11.71
20.48
7.12
22.25
14.46
16.02
17.39
22.04
13.06
14.86
10.45
16.79
21.02
16.35
14.92
16.86
38.33
14.53
16.08
12.07
15.41
18.7
8.71
25.15
10.01
16.88
12.65
9.78
17.67
29.85
22.1
14.94
13.88
10.05
9.89
40.19
14.17
14.08
21.32
9.13
15.44
40.19
30.09
29.93
13.77
19.96
26.56
19.14
22.83
21.11
13.86
16.51
14.4
10.71
16.49
11.58
11.82
13.98
15.5
17.55
38.63
12.94
19.09
21.25
21.86
19.39
15.91
10.37
16.53
10.68
30.8
17.31
13.6
10.71
12.74
17.95
10.23
12.56
10.44
15.37
29.44
9.75
11.69
19.88
18.09
11.17
12.32
11.95
12.53
25.82
21.96
17.95
13.82
11.28
12.29
33.49
16.64
41.34
8.12
14.02
14.16
38.79
13.93
38.91
12.27
13.1
10.58
25.15
22.99
12.65
14.09
46.75
21.34
14.96
12.7
16.47
9.85
13.92
19.83
16.48
10.05
15.32
18.67
11.58
18.16
22.26
17.82
17.51
27.35
11.78
39.14
9.77
13.32
14.94
16.1
13.31
15.81
15.78
16.91
17.97
14.43
12.28
23.12
35.88
26.68
29
22.14
14.14
38.21
10.66
18.43
19.39
10.27
25.2
13.89
14.91
21.52
11.67
24.73
40.56
14.14
10.26
14.58
27.14
16.6
19.08
27.51
17.52
13.98
12.1
15.09
11.83
10.85
29.67
24.74
12.67
17.01
11.5
8.19
17.27
14.63
18.03
13.3
12.71
17.54
33.12
14.75
11.11
23.13
17.82
21.27
16.89
16.74
41.03
11.08
19.31
14.63
22.8
21.66
12.87
27.9
11.59
32.99
24.61
13.58
11.16
15.11
16.24
16.73
9.58
48.3
24.93
22.86
41.13
45.34
23.6
15.9
15.4
13.24
13.53
17.33
11.6
17.76
9.94
10.11
13.03
28.04
18.87
13.45
25.13
10.22
19.92
14.96
14.02
14.42
11.5
17.03
12.9
19.02
16.12
37.6
15.23
16.91
11.15
14.11
16.08
21.1
24.07
9.04
14.32
13.25
13.81
51.17
21.85
17.24
9.95
8.99
45.72
20.14
21.31
17.49
15.58
12.3
15.16
15.07
28.05
11.48
14.21
22.36
20.11
26.54
41.17
12.93
10.8
11.87
23.16
19.19
9.8
11.42
16.79
26.11
20.79
25.82
15.14
18.87
11.4
20.27
13.97
11.74
19.8
22.97
14.57
17.54
10.58
24.43
29.25
16.19
9.44
41.63
23.54
18.28
9.04
27.72
19.29
11.81
15.47
19.2
9.64
10.37
21.22
22.5
16.61
18.5
20.42
15.17
12.92
12.46
12.84
19.68
14.22
7.62
10.09
17.04
18.52
19.36
18.57
15.83
21.14
12.62
22.74
18.02
15.53
8.42
20.93
23.41
15.93
12.69
19.8
11.29
12.53
11.07
14.2
15.35
17.17
16.57
15.03
15.05
15.4
18.22
16.27
11.1
11.75
13.47
10.66
13.88
25.97
12.88
23.1
12.57
16.23
17.08
16.19
35.49
16.69
9.25
11.27
16.52
18.65
20.48
13.61
15.38
18.24
15.99
13.31
18.13
14.15
42.24
14.51
20.07
30.97
23.1
15.49
17.88
19.71
17.62
12.84
17.21
15.63
12.09
13.04
22.62
9.39
39.89
22.39
36.13
14.02
15.47
9.63
23.29
11.04
19.82
16
28.86
17.01
14.29
14.88
23.69
11.61
20.61
28.75
23.03
12.72
7.98
15.06
17.02
14.42
22.27
20.08
18.37
11.82
8.63
44.65
21.16
11.77
18.58
24.73
13.18
21.55
15.91
10.88
13.54
14.06
14.99
13.34
14.7
18.4
17.46
15.36
19.17
18.13
24.29
12.78
21.41
12.48
28.64
25.8
12.28
20.6
14.3
15.44
10.23
9.71
14.63
14.11
14.29
15.47
16.11
14.22
14.78
12.49
12.16
15.34
22.6
10.59
12.75
10.68
38.74
13.54
12.17
22.24
21.63
28.32
14.39
14.44
14.59
8.99
16.87
10.27
18.92
25.39
11.39
21.35
17.46
17.03
18.76
19.19
8.31
23.81
15.07
24.29
16.64
20.07
9.44
10.16
54.99
12.58
13.35
16.57
44.35
10.74
20.26
14.73
11.07
11.9
9.63
16.03
17.71
15.54
21.54
17.1
25.61
18.21
17.74
11.33
9.55
14.11
18.71
12.77
11.5
13.18
10.84
9.95
14.36
14.96
21.09
21.6
11.59
16.06
52.38
11.04
15.24
11.78
10.27
7.97
15.36
11.27
15.96
10.03
13.08
27
38.47
